    unsorted:	 0.03933234573 0.03963247608 0.04108085550 0.04142390016 0.03782073427 0.04365617640 0.005517803505 0.004129159507 0.1465734196 8.522795387 213.7393258 203.7825658 196.0820979 189.6220223 224.9602839 237.1866264 255.1670465 278.6370300 292.5661918 321.8481185 348.8453060 363.9157536 381.4873825 388.3267760 402.2637493 406.3236093 149.9536606 448.2708202 460.9263184 478.0786736 491.8518109 503.5076973 519.9270524 127.7789280 115.0860707 98.80400620 89.77147309 32.11989346 34.76282767 36.99615110 570.3290822 592.7674727 629.1894471 642.0810354 711.3848806 708.1634945 695.9148759 727.4827092 756.5394246 786.4221518 862.6737737 884.8378328 937.1659781 934.1773265 980.0003652 1010.398499 1027.229917 1064.410206 1145.442549 1208.517296 1252.029391 1325.442202 1389.732868 1489.873539 1471.744948 1617.843327 1673.208383 1742.891260 1766.394970 1811.934087 1842.855728 1965.697060 2297.916271 2533.174098 2654.656415 2730.188134 2871.259285 2929.389265 3157.816560 3220.830969 3266.619683 3403.436842 3539.778463 3871.325109 4086.377943 4357.658943 4754.904917 5009.263019 5104.248714 5384.499691 5451.402982 5745.869755 6020.328119 6541.285277 6835.467371 7143.288119 7323.095623 8188.522619 8408.597106 9239.100461 9385.712193 9449.463914 9903.802894 10529.71821 10890.54307 11320.40870 12841.47590 12760.60031 13817.52190 15112.07933 15577.72305 16352.55127 16990.21148 18313.61945 18367.61968 18832.03784 19288.21518 21126.24418 21336.87424 21605.53916 23146.84243 23843.07451 26573.83843 28620.75241 29519.64222 33190.27282 35223.56673 38103.14303 38575.09404 39302.39602 43171.15408 43606.77731 46992.48195 55201.60285 57933.14689 71908.40062 80364.45525 100425.0995 113599.6541 120240.6666 260349.7621 692834.5518 3969291.681 39663348.57
      sorted:	 0.004129159507 0.005517803505 0.03782073427 0.03933234573 0.03963247608 0.04108085550 0.04142390016 0.04365617640 0.1465734196 8.522795387 32.11989346 34.76282767 36.99615110 89.77147309 98.80400620 115.0860707 127.7789280 149.9536606 189.6220223 196.0820979 203.7825658 213.7393258 224.9602839 237.1866264 255.1670465 278.6370300 292.5661918 321.8481185 348.8453060 363.9157536 381.4873825 388.3267760 402.2637493 406.3236093 448.2708202 460.9263184 478.0786736 491.8518109 503.5076973 519.9270524 570.3290822 592.7674727 629.1894471 642.0810354 695.9148759 708.1634945 711.3848806 727.4827092 756.5394246 786.4221518 862.6737737 884.8378328 934.1773265 937.1659781 980.0003652 1010.398499 1027.229917 1064.410206 1145.442549 1208.517296 1252.029391 1325.442202 1389.732868 1471.744948 1489.873539 1617.843327 1673.208383 1742.891260 1766.394970 1811.934087 1842.855728 1965.697060 2297.916271 2533.174098 2654.656415 2730.188134 2871.259285 2929.389265 3157.816560 3220.830969 3266.619683 3403.436842 3539.778463 3871.325109 4086.377943 4357.658943 4754.904917 5009.263019 5104.248714 5384.499691 5451.402982 5745.869755 6020.328119 6541.285277 6835.467371 7143.288119 7323.095623 8188.522619 8408.597106 9239.100461 9385.712193 9449.463914 9903.802894 10529.71821 10890.54307 11320.40870 12760.60031 12841.47590 13817.52190 15112.07933 15577.72305 16352.55127 16990.21148 18313.61945 18367.61968 18832.03784 19288.21518 21126.24418 21336.87424 21605.53916 23146.84243 23843.07451 26573.83843 28620.75241 29519.64222 33190.27282 35223.56673 38103.14303 38575.09404 39302.39602 43171.15408 43606.77731 46992.48195 55201.60285 57933.14689 71908.40062 80364.45525 100425.0995 113599.6541 120240.6666 260349.7621 692834.5518 3969291.681 39663348.57
