    unsorted:	 0.03896600295 0.03944113428 0.04129243939 0.03702616412 0.04352890079 0.005063762948 0.01063021226 0.1466981118 0.4135292025 16.95802609 32.31190242 35.63542914 49.61019838 192.1002344 194.9611807 199.2798122 224.4470801 222.0317734 236.5135241 258.2918525 265.0282977 150.7936722 137.1766163 126.6891404 112.3490572 98.72056116 288.9995110 299.3431710 328.9052450 385.6251079 387.1696211 393.7985978 370.9291667 415.9980724 443.4189041 464.6154378 470.5253742 484.8713049 513.2375759 524.7218367 574.3030919 602.3803523 646.4410946 650.2300430 669.2795031 718.3851253 715.4778979 758.5593185 747.7833280 797.7757134 849.3253879 897.2121421 919.8778491 936.5101533 941.8913258 991.4767656 1032.511710 1080.309246 1155.346204 1189.793622 1248.247830 1329.261489 1406.304227 1484.392323 1506.787194 1588.497995 1698.526922 1759.170388 1778.335140 1812.443114 1862.851996 1965.623753 2336.062066 2583.588383 2630.556929 2733.909399 2789.428849 2928.958282 3006.763459 3109.937950 3289.366082 3325.564065 3639.416700 3692.720969 3959.969836 4030.115947 4325.026334 4960.086974 5068.809448 5111.611284 5412.120914 5479.952688 5678.423259 5816.395286 6477.665868 6862.522537 6973.448314 7151.573613 8157.184890 8564.869207 9550.604006 9604.639621 9460.704858 10123.83348 10870.03682 11097.25797 11504.93877 12794.94289 13004.38689 14322.83255 15289.80706 15651.81675 15944.19921 17481.00077 17668.15551 18338.64573 19211.91924 19699.49641 21311.88606 21610.87029 22063.62431 23644.28822 25696.80611 27771.55057 28919.10314 29612.83572 30973.21472 34819.03010 36321.57253 37916.45461 41114.87534 42278.01802 43819.84160 47712.01187 50200.21637 56288.52633 57968.00564 71003.87898 88522.24396 101900.2252 114175.1705 121153.2009 238851.5416 678154.4289 22902311.91 88078726.47
      sorted:	 0.005063762948 0.01063021226 0.03702616412 0.03896600295 0.03944113428 0.04129243939 0.04352890079 0.1466981118 0.4135292025 16.95802609 32.31190242 35.63542914 49.61019838 98.72056116 112.3490572 126.6891404 137.1766163 150.7936722 192.1002344 194.9611807 199.2798122 222.0317734 224.4470801 236.5135241 258.2918525 265.0282977 288.9995110 299.3431710 328.9052450 370.9291667 385.6251079 387.1696211 393.7985978 415.9980724 443.4189041 464.6154378 470.5253742 484.8713049 513.2375759 524.7218367 574.3030919 602.3803523 646.4410946 650.2300430 669.2795031 715.4778979 718.3851253 747.7833280 758.5593185 797.7757134 849.3253879 897.2121421 919.8778491 936.5101533 941.8913258 991.4767656 1032.511710 1080.309246 1155.346204 1189.793622 1248.247830 1329.261489 1406.304227 1484.392323 1506.787194 1588.497995 1698.526922 1759.170388 1778.335140 1812.443114 1862.851996 1965.623753 2336.062066 2583.588383 2630.556929 2733.909399 2789.428849 2928.958282 3006.763459 3109.937950 3289.366082 3325.564065 3639.416700 3692.720969 3959.969836 4030.115947 4325.026334 4960.086974 5068.809448 5111.611284 5412.120914 5479.952688 5678.423259 5816.395286 6477.665868 6862.522537 6973.448314 7151.573613 8157.184890 8564.869207 9460.704858 9550.604006 9604.639621 10123.83348 10870.03682 11097.25797 11504.93877 12794.94289 13004.38689 14322.83255 15289.80706 15651.81675 15944.19921 17481.00077 17668.15551 18338.64573 19211.91924 19699.49641 21311.88606 21610.87029 22063.62431 23644.28822 25696.80611 27771.55057 28919.10314 29612.83572 30973.21472 34819.03010 36321.57253 37916.45461 41114.87534 42278.01802 43819.84160 47712.01187 50200.21637 56288.52633 57968.00564 71003.87898 88522.24396 101900.2252 114175.1705 121153.2009 238851.5416 678154.4289 22902311.91 88078726.47
