    unsorted:	 0.03855379671 0.03843953904 0.03976224632 0.04029911107 0.04162091063 0.02901858489 0.02479425830 0.006236683900 0.002323382224 0.1489849410 213.8169800 224.9338744 207.4345293 200.5804917 237.4546017 243.1575277 249.4604437 258.5438547 266.2115994 275.5857727 278.0050727 295.1149598 173.2502332 157.6313631 151.8072966 133.8990055 118.5139412 99.38356311 100.4384887 5.029017116 17.01417864 36.35966491 33.87691411 336.8750720 356.2282501 439.1847575 455.5079483 493.3506019 501.7329511 539.2685164 521.6578035 572.2364081 613.1935142 640.3716814 647.5188155 663.0746904 669.8290134 697.4903805 719.7118821 749.5613328 758.1579682 793.2011009 804.2352018 836.5582344 872.3098018 888.2673418 956.1670014 982.3850117 1051.652671 1172.690504 1227.222204 1324.759624 1355.425886 1383.547110 1473.118036 1579.171237 1619.433420 1784.519508 1943.805460 1967.868010 2083.729371 2137.927741 2432.113053 2597.967514 2774.633829 2889.977807 2964.808399 3080.230274 3179.946909 3339.296692 3471.083965 3891.825827 4013.860078 4168.154966 4568.236009 4651.386985 4746.029135 4923.006934 5045.557416 5261.735727 5233.996881 5429.639925 5704.211525 6677.678954 6962.213304 7109.605860 7875.424150 8874.371715 9335.300595 9708.433638 10490.21063 11334.26176 11419.97754 13619.29668 14245.73537 14334.03563 15128.15948 16108.00534 16426.60682 16721.76789 17131.80877 18977.21097 19554.53906 20642.47074 20795.78746 21746.84929 22341.49188 25001.87540 27451.86664 28914.62725 31174.11913 32653.50794 36541.82719 38607.32186 42450.19252 43951.66937 49721.35886 51210.43049 77984.28087 79281.87282 86350.48246 99340.26422 107366.6031 199513.3380 712252.9510 5865917.539 14393847.71
      sorted:	 0.002323382224 0.006236683900 0.02479425830 0.02901858489 0.03843953904 0.03855379671 0.03976224632 0.04029911107 0.04162091063 0.1489849410 5.029017116 17.01417864 33.87691411 36.35966491 99.38356311 100.4384887 118.5139412 133.8990055 151.8072966 157.6313631 173.2502332 200.5804917 207.4345293 213.8169800 224.9338744 237.4546017 243.1575277 249.4604437 258.5438547 266.2115994 275.5857727 278.0050727 295.1149598 336.8750720 356.2282501 439.1847575 455.5079483 493.3506019 501.7329511 521.6578035 539.2685164 572.2364081 613.1935142 640.3716814 647.5188155 663.0746904 669.8290134 697.4903805 719.7118821 749.5613328 758.1579682 793.2011009 804.2352018 836.5582344 872.3098018 888.2673418 956.1670014 982.3850117 1051.652671 1172.690504 1227.222204 1324.759624 1355.425886 1383.547110 1473.118036 1579.171237 1619.433420 1784.519508 1943.805460 1967.868010 2083.729371 2137.927741 2432.113053 2597.967514 2774.633829 2889.977807 2964.808399 3080.230274 3179.946909 3339.296692 3471.083965 3891.825827 4013.860078 4168.154966 4568.236009 4651.386985 4746.029135 4923.006934 5045.557416 5233.996881 5261.735727 5429.639925 5704.211525 6677.678954 6962.213304 7109.605860 7875.424150 8874.371715 9335.300595 9708.433638 10490.21063 11334.26176 11419.97754 13619.29668 14245.73537 14334.03563 15128.15948 16108.00534 16426.60682 16721.76789 17131.80877 18977.21097 19554.53906 20642.47074 20795.78746 21746.84929 22341.49188 25001.87540 27451.86664 28914.62725 31174.11913 32653.50794 36541.82719 38607.32186 42450.19252 43951.66937 49721.35886 51210.43049 77984.28087 79281.87282 86350.48246 99340.26422 107366.6031 199513.3380 712252.9510 5865917.539 14393847.71
