    unsorted:	 0.03846993963 0.03889813765 0.03616494055 0.03556969610 0.03519032132 0.04090778712 0.04300834457 0.008912628631 0.005104612555 0.1492546436 1.982014842 16.49171237 198.1734078 201.6296177 186.6024069 183.8575084 211.4916458 230.4932462 237.4403988 140.8287382 135.1022315 149.2316089 130.4511685 252.2224534 258.7265724 269.2822619 283.1106665 99.03631309 97.60192845 301.3970436 311.1398034 31.98843253 34.27290984 336.5925586 404.8292384 434.1376045 455.2476874 473.9878757 494.3807026 509.0250600 517.1598657 564.3086876 571.5690691 591.5869050 616.7489954 625.9970488 650.5154377 675.3678853 684.5270502 706.2367561 735.0152484 754.6390123 822.6459659 895.9069377 873.9618609 946.0381416 953.0226709 973.9996352 1056.768716 1041.620007 1101.011604 1135.428291 1187.165890 1288.321329 1426.379081 1483.116987 1565.658401 1602.982589 1707.630055 1761.782104 1886.141342 2143.004257 2225.498744 2324.348510 2601.969144 2723.217625 2792.692803 3109.973528 3153.337320 3205.678774 3334.535613 3559.856718 3588.580677 3844.642239 4029.986243 4195.773206 4498.358470 4740.354653 5081.841633 5231.098707 5443.865831 5603.428684 5865.562934 5932.627712 6303.955355 6676.921196 7094.697923 7253.003124 8115.455298 8807.941857 9191.165248 9319.631487 9993.974553 10365.21986 11333.84327 11990.01941 12266.37090 13750.87535 14865.60139 15430.12586 16416.90569 17395.34501 17639.84065 17785.70757 18133.63983 18929.93574 20142.18246 21382.69933 21149.97870 21608.54748 22873.83959 25742.93008 28658.87748 29916.24344 31647.29581 33699.42976 36339.98253 36970.84784 38788.77804 42738.98405 43236.87196 52406.07228 53458.58567 69345.83997 76996.39468 93939.25210 108166.2737 112401.6458 240127.6216 665945.3121 5981813.400 30146975.49
      sorted:	 0.005104612555 0.008912628631 0.03519032132 0.03556969610 0.03616494055 0.03846993963 0.03889813765 0.04090778712 0.04300834457 0.1492546436 1.982014842 16.49171237 31.98843253 34.27290984 97.60192845 99.03631309 130.4511685 135.1022315 140.8287382 149.2316089 183.8575084 186.6024069 198.1734078 201.6296177 211.4916458 230.4932462 237.4403988 252.2224534 258.7265724 269.2822619 283.1106665 301.3970436 311.1398034 336.5925586 404.8292384 434.1376045 455.2476874 473.9878757 494.3807026 509.0250600 517.1598657 564.3086876 571.5690691 591.5869050 616.7489954 625.9970488 650.5154377 675.3678853 684.5270502 706.2367561 735.0152484 754.6390123 822.6459659 873.9618609 895.9069377 946.0381416 953.0226709 973.9996352 1041.620007 1056.768716 1101.011604 1135.428291 1187.165890 1288.321329 1426.379081 1483.116987 1565.658401 1602.982589 1707.630055 1761.782104 1886.141342 2143.004257 2225.498744 2324.348510 2601.969144 2723.217625 2792.692803 3109.973528 3153.337320 3205.678774 3334.535613 3559.856718 3588.580677 3844.642239 4029.986243 4195.773206 4498.358470 4740.354653 5081.841633 5231.098707 5443.865831 5603.428684 5865.562934 5932.627712 6303.955355 6676.921196 7094.697923 7253.003124 8115.455298 8807.941857 9191.165248 9319.631487 9993.974553 10365.21986 11333.84327 11990.01941 12266.37090 13750.87535 14865.60139 15430.12586 16416.90569 17395.34501 17639.84065 17785.70757 18133.63983 18929.93574 20142.18246 21149.97870 21382.69933 21608.54748 22873.83959 25742.93008 28658.87748 29916.24344 31647.29581 33699.42976 36339.98253 36970.84784 38788.77804 42738.98405 43236.87196 52406.07228 53458.58567 69345.83997 76996.39468 93939.25210 108166.2737 112401.6458 240127.6216 665945.3121 5981813.400 30146975.49
