    unsorted:	 0.03852486097 0.03889091184 0.04086192004 0.04147859622 0.03625556150 0.03619943550 0.04297174224 0.005124562428 0.008407106282 0.1492662435 8.497589674 20.30854578 32.06362718 34.31237803 134.4728394 132.0620011 139.2388927 148.2280317 186.0658219 182.9453994 196.3850863 209.2545594 230.5840642 238.5524338 244.4834566 255.2721103 268.9157607 273.8072994 282.0453205 98.84259072 96.39297271 300.4144931 309.2761328 333.8118323 402.6071920 455.5955343 448.2956797 472.5029524 503.1016941 491.8506186 513.6491153 523.7645550 564.4985099 585.9228122 614.1760262 629.8541574 652.6922167 678.6129671 685.9263824 709.6650692 732.7020263 748.2038220 812.4418038 876.8756340 894.4495230 944.2405039 954.8803551 973.8932458 1040.317437 1054.636747 1088.626982 1131.687735 1174.720604 1257.716050 1408.609165 1452.813308 1524.575037 1591.992027 1647.269613 1705.988774 1743.211097 1869.516508 2135.857946 2216.381636 2318.394026 2586.083019 2701.828004 2770.011329 3055.605012 3132.926709 3280.630139 3391.794073 3469.061180 3537.886919 3864.047303 4066.934012 4293.260092 4548.303507 4795.434719 5228.712024 5104.985226 5454.478510 5601.839913 5906.495409 6050.438426 6315.614579 6629.018411 6761.345950 7258.927283 7718.175536 8188.275069 9237.071290 9333.957226 10073.83246 10374.35898 11396.75816 12063.59480 12799.90198 13665.39072 14634.03336 14789.93565 15571.52907 16572.23181 17423.13347 17788.15966 18067.82147 18372.49830 20275.16927 21048.70818 21337.55126 21551.47364 23111.62294 25697.81760 28483.14930 30102.31890 32577.23721 34236.52535 35010.90329 36528.90997 37366.35250 39276.39131 43004.91698 43925.94278 52407.30810 53223.32193 76904.53868 75319.36395 93593.20383 107601.1853 114192.8387 242195.1621 694174.5742 28828754.01 36256814.03
      sorted:	 0.005124562428 0.008407106282 0.03619943550 0.03625556150 0.03852486097 0.03889091184 0.04086192004 0.04147859622 0.04297174224 0.1492662435 8.497589674 20.30854578 32.06362718 34.31237803 96.39297271 98.84259072 132.0620011 134.4728394 139.2388927 148.2280317 182.9453994 186.0658219 196.3850863 209.2545594 230.5840642 238.5524338 244.4834566 255.2721103 268.9157607 273.8072994 282.0453205 300.4144931 309.2761328 333.8118323 402.6071920 448.2956797 455.5955343 472.5029524 491.8506186 503.1016941 513.6491153 523.7645550 564.4985099 585.9228122 614.1760262 629.8541574 652.6922167 678.6129671 685.9263824 709.6650692 732.7020263 748.2038220 812.4418038 876.8756340 894.4495230 944.2405039 954.8803551 973.8932458 1040.317437 1054.636747 1088.626982 1131.687735 1174.720604 1257.716050 1408.609165 1452.813308 1524.575037 1591.992027 1647.269613 1705.988774 1743.211097 1869.516508 2135.857946 2216.381636 2318.394026 2586.083019 2701.828004 2770.011329 3055.605012 3132.926709 3280.630139 3391.794073 3469.061180 3537.886919 3864.047303 4066.934012 4293.260092 4548.303507 4795.434719 5104.985226 5228.712024 5454.478510 5601.839913 5906.495409 6050.438426 6315.614579 6629.018411 6761.345950 7258.927283 7718.175536 8188.275069 9237.071290 9333.957226 10073.83246 10374.35898 11396.75816 12063.59480 12799.90198 13665.39072 14634.03336 14789.93565 15571.52907 16572.23181 17423.13347 17788.15966 18067.82147 18372.49830 20275.16927 21048.70818 21337.55126 21551.47364 23111.62294 25697.81760 28483.14930 30102.31890 32577.23721 34236.52535 35010.90329 36528.90997 37366.35250 39276.39131 43004.91698 43925.94278 52407.30810 53223.32193 75319.36395 76904.53868 93593.20383 107601.1853 114192.8387 242195.1621 694174.5742 28828754.01 36256814.03
