    unsorted:	 0.03896599124 0.03944113290 0.04129242898 0.03702615659 0.04352889999 0.005063762588 0.01063021219 0.1466981109 0.4135041153 16.95801832 32.31186263 35.63542889 49.61019219 192.0998143 194.9606037 199.2791706 224.4470121 222.0314039 236.5127697 258.2917139 265.0282489 150.7933829 137.1764953 126.6890320 112.3487886 98.72052732 288.9994860 299.3424124 328.9045430 385.6250762 387.1696146 393.7985940 370.9291490 415.9980174 443.4188590 464.6145991 470.5253054 484.8709001 513.2374400 524.7217717 574.3018202 602.3798150 646.4410808 650.2299775 669.2794503 718.3849973 715.4778553 758.5593030 747.7832461 797.7752128 849.3252845 897.2120473 919.8777920 936.5100445 941.8912024 991.4767226 1032.510689 1080.308849 1155.345800 1189.793496 1248.247647 1329.261401 1406.303566 1484.392259 1506.786944 1588.497831 1698.526671 1759.170337 1778.334894 1812.442815 1862.851721 1965.623613 2336.061101 2583.588255 2630.556759 2733.909227 2789.428350 2928.958194 3006.763245 3109.937919 3289.365600 3325.563905 3639.416616 3692.720813 3959.969587 4030.115575 4325.026159 4960.086915 5068.809066 5111.611249 5412.120948 5479.952624 5678.423240 5816.395251 6477.665751 6862.522544 6973.447850 7151.573362 8157.184901 8564.869102 9550.603795 9604.639451 9460.704820 10123.83336 10870.03683 11097.25791 11504.93854 12794.94288 13004.38687 14322.83255 15289.80701 15651.81674 15944.19921 17481.00037 17668.15545 18338.64571 19211.91924 19699.49639 21311.88606 21610.87029 22063.62364 23644.28823 25696.80597 27771.55035 28919.10319 29612.83568 30973.21475 34819.03015 36321.57250 37916.45463 41114.87522 42278.01824 43819.84208 47712.01191 50200.21635 56288.52639 57968.00575 71003.87897 88522.24335 101900.2251 114175.1705 121153.2009 238851.5408 678154.4287 22902311.92 88078728.83
      sorted:	 0.005063762588 0.01063021219 0.03702615659 0.03896599124 0.03944113290 0.04129242898 0.04352889999 0.1466981109 0.4135041153 16.95801832 32.31186263 35.63542889 49.61019219 98.72052732 112.3487886 126.6890320 137.1764953 150.7933829 192.0998143 194.9606037 199.2791706 222.0314039 224.4470121 236.5127697 258.2917139 265.0282489 288.9994860 299.3424124 328.9045430 370.9291490 385.6250762 387.1696146 393.7985940 415.9980174 443.4188590 464.6145991 470.5253054 484.8709001 513.2374400 524.7217717 574.3018202 602.3798150 646.4410808 650.2299775 669.2794503 715.4778553 718.3849973 747.7832461 758.5593030 797.7752128 849.3252845 897.2120473 919.8777920 936.5100445 941.8912024 991.4767226 1032.510689 1080.308849 1155.345800 1189.793496 1248.247647 1329.261401 1406.303566 1484.392259 1506.786944 1588.497831 1698.526671 1759.170337 1778.334894 1812.442815 1862.851721 1965.623613 2336.061101 2583.588255 2630.556759 2733.909227 2789.428350 2928.958194 3006.763245 3109.937919 3289.365600 3325.563905 3639.416616 3692.720813 3959.969587 4030.115575 4325.026159 4960.086915 5068.809066 5111.611249 5412.120948 5479.952624 5678.423240 5816.395251 6477.665751 6862.522544 6973.447850 7151.573362 8157.184901 8564.869102 9460.704820 9550.603795 9604.639451 10123.83336 10870.03683 11097.25791 11504.93854 12794.94288 13004.38687 14322.83255 15289.80701 15651.81674 15944.19921 17481.00037 17668.15545 18338.64571 19211.91924 19699.49639 21311.88606 21610.87029 22063.62364 23644.28823 25696.80597 27771.55035 28919.10319 29612.83568 30973.21475 34819.03015 36321.57250 37916.45463 41114.87522 42278.01824 43819.84208 47712.01191 50200.21635 56288.52639 57968.00575 71003.87897 88522.24335 101900.2251 114175.1705 121153.2009 238851.5408 678154.4287 22902311.92 88078728.83
