    unsorted:	 0.03857264250 0.03887076776 0.04043253805 0.04128961384 0.04167708101 0.03625494685 0.03490248774 0.01308420918 0.005303651746 0.1493004751 0.4730123022 253.7848176 253.2803803 245.7715458 262.7122300 219.5402533 210.4742890 206.2653258 193.0418676 277.2649271 286.0363748 178.2320757 299.7631658 151.9970670 158.8350827 140.8707545 135.7201208 310.8022836 106.9294725 99.23048672 342.0613850 35.03340446 32.57861717 419.6298995 432.3805054 454.9867249 483.2395966 503.2443658 519.3196739 525.1030282 595.1400553 597.6183017 582.7872118 626.9836585 637.0790238 652.4889539 665.6613659 683.9097083 701.0514246 742.8278569 772.2713277 841.0993522 829.6762350 894.2451423 955.6770667 951.4262715 973.7949601 1041.132728 1061.716130 1118.590283 1183.333283 1233.613441 1371.813651 1420.500638 1468.245224 1549.642886 1595.493154 1621.344308 1730.496366 1784.379364 1893.944847 2075.428946 2224.711323 2327.758226 2550.240263 2613.015688 2747.688888 2842.789116 3056.794398 3167.324852 3211.747594 3487.581176 3543.336103 3623.156049 3909.978064 4066.441394 4235.138146 4502.942139 4822.894337 5120.625851 5232.962727 5383.847908 5587.477147 5811.207791 6006.535946 6132.294598 6634.778285 6743.611092 7194.822622 7564.383493 8195.985058 9096.868297 9321.411770 10047.97567 10574.02297 11267.59602 12077.77193 12683.27191 12871.45262 14452.17164 14723.78994 15391.23478 16043.29811 16777.13737 17281.51912 17941.59998 18323.75386 20427.49790 21085.89118 21387.13336 21538.29459 23827.17020 25949.67780 27268.33022 29055.38069 29258.59558 32033.67443 34375.99580 35646.50087 38256.64647 39377.24661 40065.25047 43259.80676 46938.87110 52369.93611 53256.86237 71317.48026 82044.52644 93291.81829 105738.5371 113817.8598 224410.2934 550948.2983 669738.6156 25421843.53 79681004.41
      sorted:	 0.005303651746 0.01308420918 0.03490248774 0.03625494685 0.03857264250 0.03887076776 0.04043253805 0.04128961384 0.04167708101 0.1493004751 0.4730123022 32.57861717 35.03340446 99.23048672 106.9294725 135.7201208 140.8707545 151.9970670 158.8350827 178.2320757 193.0418676 206.2653258 210.4742890 219.5402533 245.7715458 253.2803803 253.7848176 262.7122300 277.2649271 286.0363748 299.7631658 310.8022836 342.0613850 419.6298995 432.3805054 454.9867249 483.2395966 503.2443658 519.3196739 525.1030282 582.7872118 595.1400553 597.6183017 626.9836585 637.0790238 652.4889539 665.6613659 683.9097083 701.0514246 742.8278569 772.2713277 829.6762350 841.0993522 894.2451423 951.4262715 955.6770667 973.7949601 1041.132728 1061.716130 1118.590283 1183.333283 1233.613441 1371.813651 1420.500638 1468.245224 1549.642886 1595.493154 1621.344308 1730.496366 1784.379364 1893.944847 2075.428946 2224.711323 2327.758226 2550.240263 2613.015688 2747.688888 2842.789116 3056.794398 3167.324852 3211.747594 3487.581176 3543.336103 3623.156049 3909.978064 4066.441394 4235.138146 4502.942139 4822.894337 5120.625851 5232.962727 5383.847908 5587.477147 5811.207791 6006.535946 6132.294598 6634.778285 6743.611092 7194.822622 7564.383493 8195.985058 9096.868297 9321.411770 10047.97567 10574.02297 11267.59602 12077.77193 12683.27191 12871.45262 14452.17164 14723.78994 15391.23478 16043.29811 16777.13737 17281.51912 17941.59998 18323.75386 20427.49790 21085.89118 21387.13336 21538.29459 23827.17020 25949.67780 27268.33022 29055.38069 29258.59558 32033.67443 34375.99580 35646.50087 38256.64647 39377.24661 40065.25047 43259.80676 46938.87110 52369.93611 53256.86237 71317.48026 82044.52644 93291.81829 105738.5371 113817.8598 224410.2934 550948.2983 669738.6156 25421843.53 79681004.41
