    unsorted:	 0.03322799875 0.03294695546 0.03199867789 0.03614506108 0.03932455516 0.04120918260 0.04410376089 0.007279386249 0.005011608414 0.1490959275 32.74506646 32.09367422 34.49567926 20.84325159 9.258480112 91.03243983 92.24386552 101.3570781 109.8636397 122.9739780 120.1664838 163.7830422 170.2217411 185.1406501 207.3875430 214.1483538 228.7270968 246.5601356 239.8284427 246.7401103 258.9866525 266.3932259 279.3215983 296.4913691 313.3404958 341.2052526 408.6645974 451.9264109 469.8108058 475.1552822 489.7058728 521.9306838 565.0893639 616.8391983 632.6529351 702.6119820 714.9537955 771.9693677 775.7020671 834.1538232 868.2982960 913.9807608 987.8769998 1003.896263 1080.627470 1206.646224 1184.536333 1161.491023 1294.906473 1335.133733 1368.069898 1450.765073 1541.426400 1626.427297 1704.370757 1848.206824 1882.328694 2076.885126 2108.508862 2174.668164 2275.284455 2532.745039 2662.645835 2690.979019 2727.840252 2808.955368 2993.409951 3167.126899 3575.350369 3741.756571 3946.377915 4042.173060 4269.655672 4476.966877 4727.070285 4851.711212 4908.315323 5414.568017 5443.193051 5591.050872 6012.215680 6383.159651 6731.538583 7169.234228 7550.814027 7996.063629 8419.196079 9443.877941 9788.057519 10209.16252 11146.03165 11228.32450 12137.06210 14296.11063 13948.76022 14732.17649 15751.15681 16050.50900 16616.90183 18919.84246 19002.96616 19426.19361 20642.32210 21493.43446 22989.84737 24458.85854 24276.12098 28600.07671 30629.53207 35151.74013 37634.53024 39299.20105 41614.35119 47966.06873 48733.04784 72389.60686 78281.51452 93036.65057 102891.7291 197422.2512 202464.4261 6642454.461 29546591.10 246.7401103
      sorted:	 0.005011608414 0.007279386249 0.03199867789 0.03294695546 0.03322799875 0.03614506108 0.03932455516 0.04120918260 0.04410376089 0.1490959275 9.258480112 20.84325159 32.09367422 32.74506646 34.49567926 91.03243983 92.24386552 101.3570781 109.8636397 120.1664838 122.9739780 163.7830422 170.2217411 185.1406501 207.3875430 214.1483538 228.7270968 239.8284427 246.5601356 246.7401103 246.7401103 258.9866525 266.3932259 279.3215983 296.4913691 313.3404958 341.2052526 408.6645974 451.9264109 469.8108058 475.1552822 489.7058728 521.9306838 565.0893639 616.8391983 632.6529351 702.6119820 714.9537955 771.9693677 775.7020671 834.1538232 868.2982960 913.9807608 987.8769998 1003.896263 1080.627470 1161.491023 1184.536333 1206.646224 1294.906473 1335.133733 1368.069898 1450.765073 1541.426400 1626.427297 1704.370757 1848.206824 1882.328694 2076.885126 2108.508862 2174.668164 2275.284455 2532.745039 2662.645835 2690.979019 2727.840252 2808.955368 2993.409951 3167.126899 3575.350369 3741.756571 3946.377915 4042.173060 4269.655672 4476.966877 4727.070285 4851.711212 4908.315323 5414.568017 5443.193051 5591.050872 6012.215680 6383.159651 6731.538583 7169.234228 7550.814027 7996.063629 8419.196079 9443.877941 9788.057519 10209.16252 11146.03165 11228.32450 12137.06210 13948.76022 14296.11063 14732.17649 15751.15681 16050.50900 16616.90183 18919.84246 19002.96616 19426.19361 20642.32210 21493.43446 22989.84737 24276.12098 24458.85854 28600.07671 30629.53207 35151.74013 37634.53024 39299.20105 41614.35119 47966.06873 48733.04784 72389.60686 78281.51452 93036.65057 102891.7291 197422.2512 202464.4261 6642454.461 29546591.10
