    unsorted:	 0.03910063627 0.03840967685 0.03936529535 0.04134462818 0.03631891611 0.04336273886 0.007361090582 0.02393067187 0.005188333751 0.1480981043 1.843189306 11.55002753 214.5814226 223.8558532 230.2748251 203.6886755 200.2661029 192.2182060 243.0274953 176.2785441 256.8636068 273.2426276 286.7673248 302.0943635 299.1740751 321.3075480 327.6993634 338.7537694 163.2951270 124.8785003 108.3667284 98.64920511 32.08127245 34.37786982 404.5815529 452.5979005 458.9843871 473.5009675 489.8845901 520.3383668 545.8187933 551.1999370 564.6646266 579.5713373 616.1962492 639.4567601 653.3174693 673.2046054 677.3159570 698.8303548 704.8279695 763.9161793 813.7532792 855.7317400 886.9352206 901.6398931 906.2867852 982.8253749 1028.880551 1085.707962 1101.239842 1169.529344 1223.744936 1302.066386 1374.215586 1437.585616 1464.542500 1555.965714 1627.163245 1692.270205 1737.918162 1903.656935 1941.022190 2147.829676 2244.361368 2333.663947 2447.274526 2567.040357 2724.464017 2878.732335 3033.494350 3299.831533 3333.271153 3429.880801 3497.096911 3842.020635 3975.084669 4407.500643 4846.076697 4775.573972 5047.337950 5160.501213 5364.322421 5725.401113 6051.844723 6289.980963 6628.215738 6978.095024 7152.570083 7323.464572 7986.799580 8361.338488 8900.331226 9496.115790 10145.02364 10506.78351 11325.38290 12189.42333 12744.85567 13415.04485 14686.10688 14828.58074 15487.30636 16095.92615 16609.47780 18246.59683 18335.87480 18690.30124 20591.71248 21337.99876 21622.26990 22160.35697 23559.41215 25647.45471 26997.81461 29302.09598 29527.01699 32209.25438 34765.15165 36970.39572 37878.35992 39919.06752 40242.73508 42935.95183 46165.60992 53355.45050 54831.42851 71361.41200 79666.41911 97765.26456 111532.6351 117768.6813 241841.7065 681890.6852 5147851.552 48740249.16
      sorted:	 0.005188333751 0.007361090582 0.02393067187 0.03631891611 0.03840967685 0.03910063627 0.03936529535 0.04134462818 0.04336273886 0.1480981043 1.843189306 11.55002753 32.08127245 34.37786982 98.64920511 108.3667284 124.8785003 163.2951270 176.2785441 192.2182060 200.2661029 203.6886755 214.5814226 223.8558532 230.2748251 243.0274953 256.8636068 273.2426276 286.7673248 299.1740751 302.0943635 321.3075480 327.6993634 338.7537694 404.5815529 452.5979005 458.9843871 473.5009675 489.8845901 520.3383668 545.8187933 551.1999370 564.6646266 579.5713373 616.1962492 639.4567601 653.3174693 673.2046054 677.3159570 698.8303548 704.8279695 763.9161793 813.7532792 855.7317400 886.9352206 901.6398931 906.2867852 982.8253749 1028.880551 1085.707962 1101.239842 1169.529344 1223.744936 1302.066386 1374.215586 1437.585616 1464.542500 1555.965714 1627.163245 1692.270205 1737.918162 1903.656935 1941.022190 2147.829676 2244.361368 2333.663947 2447.274526 2567.040357 2724.464017 2878.732335 3033.494350 3299.831533 3333.271153 3429.880801 3497.096911 3842.020635 3975.084669 4407.500643 4775.573972 4846.076697 5047.337950 5160.501213 5364.322421 5725.401113 6051.844723 6289.980963 6628.215738 6978.095024 7152.570083 7323.464572 7986.799580 8361.338488 8900.331226 9496.115790 10145.02364 10506.78351 11325.38290 12189.42333 12744.85567 13415.04485 14686.10688 14828.58074 15487.30636 16095.92615 16609.47780 18246.59683 18335.87480 18690.30124 20591.71248 21337.99876 21622.26990 22160.35697 23559.41215 25647.45471 26997.81461 29302.09598 29527.01699 32209.25438 34765.15165 36970.39572 37878.35992 39919.06752 40242.73508 42935.95183 46165.60992 53355.45050 54831.42851 71361.41200 79666.41911 97765.26456 111532.6351 117768.6813 241841.7065 681890.6852 5147851.552 48740249.16
