    unsorted:	 0.04363039705 0.04161941453 0.03820767143 0.03944618415 0.03537805942 0.005543361154 0.004351475186 0.09301086696 0.1480548364 212.7771471 215.0045570 215.9736307 210.8631581 203.1086123 199.5159877 192.2631388 178.3276473 245.0047103 260.1614952 166.3815917 275.6120987 289.0957796 294.3974682 325.8000792 331.9870345 338.4767736 2.961282217 8.355285498 117.6525960 107.7393547 98.23806715 31.92164811 33.77675047 366.5208565 453.8405602 454.2482793 463.0114016 409.4537372 475.4134944 492.8093028 546.0663557 554.9600831 566.3897351 578.4005668 610.0217607 643.9421034 654.6793885 669.8352017 675.4232398 701.6674701 706.9143900 759.7496513 806.2606291 872.9927936 890.6935200 923.5160348 915.7999477 979.2834112 1033.095596 1096.976728 1107.659224 1207.484328 1276.012635 1366.368726 1428.428387 1444.431278 1589.746917 1659.985620 1731.846237 1834.295873 1919.937195 2219.046762 2271.969515 2323.179968 2436.223807 2570.557348 2731.317082 2926.400428 3058.932986 3289.736606 3324.159931 3464.628489 3517.074681 3872.769542 3949.008499 4380.205333 4720.545614 4830.759341 5013.402085 5160.621040 5427.784737 5816.312610 6296.233497 6643.719102 6785.240212 7096.631827 7198.451435 7483.171125 8261.788858 8941.515663 9235.296736 9655.032498 10158.43982 10582.06360 11383.28767 12428.34811 12466.83777 14189.20199 15145.05222 15882.52632 16539.98361 17762.55289 18026.36830 18265.12588 18660.59455 19066.17354 20691.01976 21346.53594 21791.63426 22304.28929 23698.95801 26282.08788 29022.38847 29904.76786 33635.92582 35599.10574 37014.64150 37918.83425 39958.05679 42885.74642 44976.70947 53349.54893 55274.42371 70341.05092 78757.75934 98924.28211 113652.9205 116523.5542 249015.8146 675466.6502 4535100.235 28856732.90
      sorted:	 0.004351475186 0.005543361154 0.03537805942 0.03820767143 0.03944618415 0.04161941453 0.04363039705 0.09301086696 0.1480548364 2.961282217 8.355285498 31.92164811 33.77675047 98.23806715 107.7393547 117.6525960 166.3815917 178.3276473 192.2631388 199.5159877 203.1086123 210.8631581 212.7771471 215.0045570 215.9736307 245.0047103 260.1614952 275.6120987 289.0957796 294.3974682 325.8000792 331.9870345 338.4767736 366.5208565 409.4537372 453.8405602 454.2482793 463.0114016 475.4134944 492.8093028 546.0663557 554.9600831 566.3897351 578.4005668 610.0217607 643.9421034 654.6793885 669.8352017 675.4232398 701.6674701 706.9143900 759.7496513 806.2606291 872.9927936 890.6935200 915.7999477 923.5160348 979.2834112 1033.095596 1096.976728 1107.659224 1207.484328 1276.012635 1366.368726 1428.428387 1444.431278 1589.746917 1659.985620 1731.846237 1834.295873 1919.937195 2219.046762 2271.969515 2323.179968 2436.223807 2570.557348 2731.317082 2926.400428 3058.932986 3289.736606 3324.159931 3464.628489 3517.074681 3872.769542 3949.008499 4380.205333 4720.545614 4830.759341 5013.402085 5160.621040 5427.784737 5816.312610 6296.233497 6643.719102 6785.240212 7096.631827 7198.451435 7483.171125 8261.788858 8941.515663 9235.296736 9655.032498 10158.43982 10582.06360 11383.28767 12428.34811 12466.83777 14189.20199 15145.05222 15882.52632 16539.98361 17762.55289 18026.36830 18265.12588 18660.59455 19066.17354 20691.01976 21346.53594 21791.63426 22304.28929 23698.95801 26282.08788 29022.38847 29904.76786 33635.92582 35599.10574 37014.64150 37918.83425 39958.05679 42885.74642 44976.70947 53349.54893 55274.42371 70341.05092 78757.75934 98924.28211 113652.9205 116523.5542 249015.8146 675466.6502 4535100.235 28856732.90
