    unsorted:	 0.03425277141 0.03442959164 0.03594278563 0.03289935763 0.03960600777 0.04106088462 0.04372344614 0.006501031883 0.001510092681 0.1491096786 254.9184638 249.2848398 246.7401103 239.4804701 227.1434472 218.5194351 271.0708790 276.1421037 203.2634386 301.7830345 308.5024566 173.9423675 155.9168392 148.3030673 124.9887056 118.6093238 106.9459553 98.59869996 92.37195180 81.52922066 52.54128808 41.94692440 33.59342506 30.42065904 9.201877211 329.4846707 396.1372651 450.8172722 460.7010997 465.4781398 474.8821676 512.3290937 541.5760986 592.5243305 607.7038492 726.7851262 712.5058939 736.4357049 767.6067642 840.1691657 854.1311300 893.6021224 949.7586775 986.3687580 1052.440689 1148.678645 1156.059903 1175.989489 1225.929346 1292.235251 1303.341488 1380.260029 1436.467558 1523.028007 1560.011273 1678.492772 1689.466903 1834.930113 1874.748789 2131.254895 2164.282005 2225.256072 2279.951744 2314.383769 2618.551728 2684.042371 2756.433689 2965.712661 3068.399357 3244.816958 3390.483505 3765.244322 3837.776204 4141.680437 4241.790495 4380.716567 4573.345039 4766.735913 4783.192559 4928.957138 5047.332212 5417.028875 5390.389807 5578.186923 5955.062714 6515.804600 6772.346999 7225.125245 7577.058468 8042.651962 8427.006824 9489.680696 9864.999315 10108.35695 10297.72410 11154.53548 11191.36170 12372.50069 14163.22235 14548.58097 14872.20641 15178.67235 15939.22635 16726.32589 18299.45051 19196.23054 19565.40409 19934.88646 21359.47404 22986.45402 24094.90663 24986.31071 25815.66032 28540.63694 29158.63716 30453.96892 33981.62643 35907.35201 38413.07233 40873.79174 42402.50446 49241.90844 49768.06752 74094.44929 83213.01890 97448.22585 106825.0655 207951.2875 200538.5392 32493605.22 37011242.59 246.7401103
      sorted:	 0.001510092681 0.006501031883 0.03289935763 0.03425277141 0.03442959164 0.03594278563 0.03960600777 0.04106088462 0.04372344614 0.1491096786 9.201877211 30.42065904 33.59342506 41.94692440 52.54128808 81.52922066 92.37195180 98.59869996 106.9459553 118.6093238 124.9887056 148.3030673 155.9168392 173.9423675 203.2634386 218.5194351 227.1434472 239.4804701 246.7401103 246.7401103 249.2848398 254.9184638 271.0708790 276.1421037 301.7830345 308.5024566 329.4846707 396.1372651 450.8172722 460.7010997 465.4781398 474.8821676 512.3290937 541.5760986 592.5243305 607.7038492 712.5058939 726.7851262 736.4357049 767.6067642 840.1691657 854.1311300 893.6021224 949.7586775 986.3687580 1052.440689 1148.678645 1156.059903 1175.989489 1225.929346 1292.235251 1303.341488 1380.260029 1436.467558 1523.028007 1560.011273 1678.492772 1689.466903 1834.930113 1874.748789 2131.254895 2164.282005 2225.256072 2279.951744 2314.383769 2618.551728 2684.042371 2756.433689 2965.712661 3068.399357 3244.816958 3390.483505 3765.244322 3837.776204 4141.680437 4241.790495 4380.716567 4573.345039 4766.735913 4783.192559 4928.957138 5047.332212 5390.389807 5417.028875 5578.186923 5955.062714 6515.804600 6772.346999 7225.125245 7577.058468 8042.651962 8427.006824 9489.680696 9864.999315 10108.35695 10297.72410 11154.53548 11191.36170 12372.50069 14163.22235 14548.58097 14872.20641 15178.67235 15939.22635 16726.32589 18299.45051 19196.23054 19565.40409 19934.88646 21359.47404 22986.45402 24094.90663 24986.31071 25815.66032 28540.63694 29158.63716 30453.96892 33981.62643 35907.35201 38413.07233 40873.79174 42402.50446 49241.90844 49768.06752 74094.44929 83213.01890 97448.22585 106825.0655 200538.5392 207951.2875 32493605.22 37011242.59
