    unsorted:	 0.03657680328 0.03771525225 0.03939325713 0.04124973394 0.04347195317 0.03237168093 0.02290510203 0.007504822595 0.005008438949 0.1483557000 2.432856832 9.376760180 263.9497043 263.2138455 268.5074254 249.1481792 234.7329959 279.4529687 217.0570515 289.1146726 196.6901949 182.8058971 171.4663109 159.2901773 126.9874603 124.2395002 132.7502609 111.7879291 105.7608972 98.58654668 32.21917135 34.55524190 339.8641833 387.8094189 392.8860828 408.4833257 450.7464615 479.4295699 482.1131820 521.4324362 562.5920948 572.7192387 625.4574703 717.3304026 722.7855145 683.0288705 734.9264084 784.1974588 795.6040841 841.8525532 873.3398565 940.9681460 990.8789122 1017.479250 1051.051152 1119.683071 1188.533757 1312.032768 1339.867745 1362.281781 1398.519890 1522.562994 1629.114830 1635.966500 1700.666482 1901.923060 2105.651606 2165.403426 2221.999184 2312.055548 2573.759725 2670.089539 2724.829798 2920.839175 3037.800344 3221.773470 3310.936145 3539.620383 3728.151311 3817.765376 4143.585960 4258.142242 4408.876280 4549.900075 4775.941449 4936.852617 4948.497745 5183.616917 5348.212244 5615.999008 6254.594300 6615.382537 7162.133208 7626.967534 7856.013223 8362.918844 8949.024332 9641.253370 10230.26261 11073.80067 10992.73987 12527.71108 12972.78026 14268.06729 15205.51878 15132.88280 16380.05024 16642.98220 17467.21224 19359.24414 19222.49391 19636.52900 19872.05378 20434.75116 22565.71485 22342.57419 25290.61415 30486.30960 30993.83518 36135.79598 38580.35354 41065.24861 42571.96152 47507.71233 48965.82951 49637.73575 74625.12663 81849.77660 94281.70178 104357.3083 202156.5417 425613.8340 10538687.83 28799717.61 246.7401103
      sorted:	 0.005008438949 0.007504822595 0.02290510203 0.03237168093 0.03657680328 0.03771525225 0.03939325713 0.04124973394 0.04347195317 0.1483557000 2.432856832 9.376760180 32.21917135 34.55524190 98.58654668 105.7608972 111.7879291 124.2395002 126.9874603 132.7502609 159.2901773 171.4663109 182.8058971 196.6901949 217.0570515 234.7329959 246.7401103 249.1481792 263.2138455 263.9497043 268.5074254 279.4529687 289.1146726 339.8641833 387.8094189 392.8860828 408.4833257 450.7464615 479.4295699 482.1131820 521.4324362 562.5920948 572.7192387 625.4574703 683.0288705 717.3304026 722.7855145 734.9264084 784.1974588 795.6040841 841.8525532 873.3398565 940.9681460 990.8789122 1017.479250 1051.051152 1119.683071 1188.533757 1312.032768 1339.867745 1362.281781 1398.519890 1522.562994 1629.114830 1635.966500 1700.666482 1901.923060 2105.651606 2165.403426 2221.999184 2312.055548 2573.759725 2670.089539 2724.829798 2920.839175 3037.800344 3221.773470 3310.936145 3539.620383 3728.151311 3817.765376 4143.585960 4258.142242 4408.876280 4549.900075 4775.941449 4936.852617 4948.497745 5183.616917 5348.212244 5615.999008 6254.594300 6615.382537 7162.133208 7626.967534 7856.013223 8362.918844 8949.024332 9641.253370 10230.26261 10992.73987 11073.80067 12527.71108 12972.78026 14268.06729 15132.88280 15205.51878 16380.05024 16642.98220 17467.21224 19222.49391 19359.24414 19636.52900 19872.05378 20434.75116 22342.57419 22565.71485 25290.61415 30486.30960 30993.83518 36135.79598 38580.35354 41065.24861 42571.96152 47507.71233 48965.82951 49637.73575 74625.12663 81849.77660 94281.70178 104357.3083 202156.5417 425613.8340 10538687.83 28799717.61
