    unsorted:	 0.03637918515 0.03757577567 0.03469353533 0.03332180661 0.03928316311 0.04161790647 0.04288424151 0.006194457514 0.002315975962 0.1482837921 0.8131477595 9.291778374 30.72052780 36.06482166 106.1099799 104.2067649 95.82400009 123.8589898 117.2217212 129.0039506 162.4179040 171.8660700 183.2584964 196.5379916 216.5765472 237.8564156 247.2302753 262.8464010 264.6864841 267.8036249 277.9090593 292.3191471 334.8674356 390.6563880 399.6560601 426.7728561 453.3213015 478.2045091 480.9842434 522.3192670 524.6104443 560.8210109 617.3732782 714.9346269 714.4485615 723.8499980 671.1493483 740.4485134 773.8730990 836.6097395 855.0982014 909.9734866 939.6254423 971.1399875 996.3557447 1070.709223 1155.273785 1194.001113 1255.691101 1289.263254 1350.889218 1369.246709 1435.293238 1517.210654 1610.018000 1667.354138 1863.431281 1923.225518 2006.774691 2141.540604 2225.551354 2270.534691 2335.547956 2496.451353 2604.873538 2893.930040 2951.366315 3208.661802 3319.969603 3416.713336 3572.211465 3685.229393 3771.387590 4116.495404 4334.581123 4407.059148 4613.592015 4626.320122 4734.137072 4808.912639 4930.125559 5179.317886 5346.468082 5513.317444 5712.225661 6166.753608 6588.926474 7085.546165 7482.098368 7817.416077 8600.363661 9495.831949 10075.90316 10095.53944 10972.67065 11245.11028 12398.28607 12907.69749 14063.18426 14862.39232 15132.43526 15686.96314 16409.54042 17680.53327 18012.89883 18845.55160 19595.26037 19882.48524 20999.38902 22564.46163 23208.96670 24558.85148 25613.60376 29562.16615 29784.17386 31096.55927 34297.07954 36124.24829 38577.05941 41843.97371 43509.73501 45485.05370 49473.43129 50432.99557 77071.41823 83999.29916 95372.07456 107044.2257 113177.6143 394575.8250 27830010.68 64507549.46 246.7401103
      sorted:	 0.002315975962 0.006194457514 0.03332180661 0.03469353533 0.03637918515 0.03757577567 0.03928316311 0.04161790647 0.04288424151 0.1482837921 0.8131477595 9.291778374 30.72052780 36.06482166 95.82400009 104.2067649 106.1099799 117.2217212 123.8589898 129.0039506 162.4179040 171.8660700 183.2584964 196.5379916 216.5765472 237.8564156 246.7401103 247.2302753 262.8464010 264.6864841 267.8036249 277.9090593 292.3191471 334.8674356 390.6563880 399.6560601 426.7728561 453.3213015 478.2045091 480.9842434 522.3192670 524.6104443 560.8210109 617.3732782 671.1493483 714.4485615 714.9346269 723.8499980 740.4485134 773.8730990 836.6097395 855.0982014 909.9734866 939.6254423 971.1399875 996.3557447 1070.709223 1155.273785 1194.001113 1255.691101 1289.263254 1350.889218 1369.246709 1435.293238 1517.210654 1610.018000 1667.354138 1863.431281 1923.225518 2006.774691 2141.540604 2225.551354 2270.534691 2335.547956 2496.451353 2604.873538 2893.930040 2951.366315 3208.661802 3319.969603 3416.713336 3572.211465 3685.229393 3771.387590 4116.495404 4334.581123 4407.059148 4613.592015 4626.320122 4734.137072 4808.912639 4930.125559 5179.317886 5346.468082 5513.317444 5712.225661 6166.753608 6588.926474 7085.546165 7482.098368 7817.416077 8600.363661 9495.831949 10075.90316 10095.53944 10972.67065 11245.11028 12398.28607 12907.69749 14063.18426 14862.39232 15132.43526 15686.96314 16409.54042 17680.53327 18012.89883 18845.55160 19595.26037 19882.48524 20999.38902 22564.46163 23208.96670 24558.85148 25613.60376 29562.16615 29784.17386 31096.55927 34297.07954 36124.24829 38577.05941 41843.97371 43509.73501 45485.05370 49473.43129 50432.99557 77071.41823 83999.29916 95372.07456 107044.2257 113177.6143 394575.8250 27830010.68 64507549.46
