    unsorted:	 0.04069772138 0.04174744248 0.03853876484 0.03943886206 0.04334772982 0.03198246382 0.03106036354 0.01411480597 0.005894992849 0.1482657453 214.3506293 219.1928511 207.8914513 198.9995889 237.2737032 241.4642007 249.0468061 254.8626257 185.0526748 180.9949159 273.2307274 284.3273286 295.6743000 305.7922399 161.2354297 326.7301142 337.3242069 130.1549238 121.0614703 100.3691116 8.574546847 33.75550594 36.54906918 42.07562441 425.9503951 444.7486793 466.1092367 489.3141006 495.7028855 554.1986133 562.2793561 574.2849393 579.2658042 591.4856607 607.6731522 637.9890737 660.2738830 669.2115875 692.9379420 705.9146022 708.1526939 777.4384099 806.7987546 826.5800970 849.2147055 893.7655959 905.0999699 993.5243874 1031.591764 1111.185503 1134.737530 1314.382385 1428.606654 1389.312562 1469.815873 1548.509499 1680.695636 1745.893627 1803.729333 1880.120674 1923.842027 2263.759703 2389.454328 2363.368535 2497.304232 2643.863329 2753.057578 3054.232585 3116.462017 3232.836652 3288.002243 3460.947886 3728.106474 3899.672980 4159.407031 4792.421562 4842.520622 5052.631825 5166.865518 5305.025801 5509.721753 5938.856544 6673.741769 7014.960100 7251.056789 7497.046400 7788.574535 8468.497235 9173.708822 9453.440175 10231.27929 11013.18854 11483.86377 12725.24023 13128.56001 13682.96300 14619.43578 14933.37099 15279.24850 16809.17646 17634.07444 17940.85947 18160.41345 20412.68094 21221.11913 21475.91466 22065.69384 24217.38201 27000.82572 28953.32677 29489.44102 33324.83343 34322.12780 39470.94251 40243.93884 42912.74101 47686.92423 51959.69595 53640.71703 70676.37917 85195.12684 92687.93119 105867.9750 112683.3867 209507.2403 668575.4885 18454998.95 19640676.95
      sorted:	 0.005894992849 0.01411480597 0.03106036354 0.03198246382 0.03853876484 0.03943886206 0.04069772138 0.04174744248 0.04334772982 0.1482657453 8.574546847 33.75550594 36.54906918 42.07562441 100.3691116 121.0614703 130.1549238 161.2354297 180.9949159 185.0526748 198.9995889 207.8914513 214.3506293 219.1928511 237.2737032 241.4642007 249.0468061 254.8626257 273.2307274 284.3273286 295.6743000 305.7922399 326.7301142 337.3242069 425.9503951 444.7486793 466.1092367 489.3141006 495.7028855 554.1986133 562.2793561 574.2849393 579.2658042 591.4856607 607.6731522 637.9890737 660.2738830 669.2115875 692.9379420 705.9146022 708.1526939 777.4384099 806.7987546 826.5800970 849.2147055 893.7655959 905.0999699 993.5243874 1031.591764 1111.185503 1134.737530 1314.382385 1389.312562 1428.606654 1469.815873 1548.509499 1680.695636 1745.893627 1803.729333 1880.120674 1923.842027 2263.759703 2363.368535 2389.454328 2497.304232 2643.863329 2753.057578 3054.232585 3116.462017 3232.836652 3288.002243 3460.947886 3728.106474 3899.672980 4159.407031 4792.421562 4842.520622 5052.631825 5166.865518 5305.025801 5509.721753 5938.856544 6673.741769 7014.960100 7251.056789 7497.046400 7788.574535 8468.497235 9173.708822 9453.440175 10231.27929 11013.18854 11483.86377 12725.24023 13128.56001 13682.96300 14619.43578 14933.37099 15279.24850 16809.17646 17634.07444 17940.85947 18160.41345 20412.68094 21221.11913 21475.91466 22065.69384 24217.38201 27000.82572 28953.32677 29489.44102 33324.83343 34322.12780 39470.94251 40243.93884 42912.74101 47686.92423 51959.69595 53640.71703 70676.37917 85195.12684 92687.93119 105867.9750 112683.3867 209507.2403 668575.4885 18454998.95 19640676.95
