    unsorted:	 0.03580374369 0.03596316265 0.03429892107 0.03227749817 0.03985717228 0.04085749321 0.04382607640 0.01202658203 0.005495624128 0.1490991341 245.5710865 246.7401103 253.0366117 236.4992170 227.0727242 260.6073715 210.6144113 269.8565414 197.9369745 151.8343993 143.5159894 134.5814855 164.6784180 121.4409949 114.3641079 97.72387192 77.49467890 84.20159909 71.61343664 48.34549934 33.65184789 30.04089512 8.995447100 306.4849537 318.7589094 382.4079226 386.7228429 447.1469869 456.0551395 468.5730515 475.1655592 505.0237771 511.7252864 565.2890551 582.1599615 666.2745415 713.5525257 739.9708945 764.3491104 830.5266980 851.1547099 892.4380257 938.3008878 984.1790456 1036.550201 1134.720969 1142.954421 1169.389861 1275.193384 1290.055988 1342.741090 1383.183518 1453.202653 1503.037341 1581.666790 1662.718331 1680.143503 1828.365467 1890.080021 2136.207452 2116.680879 2210.505808 2260.797812 2601.467079 2594.148386 2745.834075 2842.467151 2950.795536 3099.397142 3316.273346 3718.951263 3827.543671 4190.554755 4257.311117 4354.000737 4625.349640 4776.672904 4939.781874 5048.424332 5193.554508 5324.423053 5410.903529 5529.003348 5941.917536 6652.037007 6855.308505 7215.541141 7506.568295 7989.008557 8568.172513 9323.817705 9529.974800 9976.803601 10500.80447 11276.59898 11315.35268 12082.19515 14378.11704 14107.25771 14735.94862 15468.64214 16528.72788 16704.11216 18604.05029 19052.06177 19416.67963 19500.22573 21471.50226 22973.49139 24418.03365 24293.72338 27235.82119 29055.37659 30178.58951 32299.51177 35075.52447 36567.34386 38947.47203 41675.68759 49020.64366 49521.14556 68408.42152 81337.86022 99348.98118 106769.6690 219133.6474 202240.1145 17619737.11 34418028.00 246.7401103
      sorted:	 0.005495624128 0.01202658203 0.03227749817 0.03429892107 0.03580374369 0.03596316265 0.03985717228 0.04085749321 0.04382607640 0.1490991341 8.995447100 30.04089512 33.65184789 48.34549934 71.61343664 77.49467890 84.20159909 97.72387192 114.3641079 121.4409949 134.5814855 143.5159894 151.8343993 164.6784180 197.9369745 210.6144113 227.0727242 236.4992170 245.5710865 246.7401103 246.7401103 253.0366117 260.6073715 269.8565414 306.4849537 318.7589094 382.4079226 386.7228429 447.1469869 456.0551395 468.5730515 475.1655592 505.0237771 511.7252864 565.2890551 582.1599615 666.2745415 713.5525257 739.9708945 764.3491104 830.5266980 851.1547099 892.4380257 938.3008878 984.1790456 1036.550201 1134.720969 1142.954421 1169.389861 1275.193384 1290.055988 1342.741090 1383.183518 1453.202653 1503.037341 1581.666790 1662.718331 1680.143503 1828.365467 1890.080021 2116.680879 2136.207452 2210.505808 2260.797812 2594.148386 2601.467079 2745.834075 2842.467151 2950.795536 3099.397142 3316.273346 3718.951263 3827.543671 4190.554755 4257.311117 4354.000737 4625.349640 4776.672904 4939.781874 5048.424332 5193.554508 5324.423053 5410.903529 5529.003348 5941.917536 6652.037007 6855.308505 7215.541141 7506.568295 7989.008557 8568.172513 9323.817705 9529.974800 9976.803601 10500.80447 11276.59898 11315.35268 12082.19515 14107.25771 14378.11704 14735.94862 15468.64214 16528.72788 16704.11216 18604.05029 19052.06177 19416.67963 19500.22573 21471.50226 22973.49139 24293.72338 24418.03365 27235.82119 29055.37659 30178.58951 32299.51177 35075.52447 36567.34386 38947.47203 41675.68759 49020.64366 49521.14556 68408.42152 81337.86022 99348.98118 106769.6690 202240.1145 219133.6474 17619737.11 34418028.00
