    unsorted:	 0.03856997018 0.03947681770 0.03984540139 0.04032191135 0.03815100509 0.04101405365 0.03533102047 0.005102865473 0.01095872243 0.1489029910 186.9054382 191.4927963 195.3174385 203.6808095 170.1223404 221.9901049 229.6949892 243.5984192 249.1974670 251.8249672 132.6964109 142.0263942 123.9840630 114.9910204 97.68407073 298.5641654 289.8679939 316.1153331 319.2896410 332.3176046 77.70314810 46.59035517 8.512709245 34.86446047 32.09966771 385.8278860 445.7130995 465.6791921 481.1447852 503.1147063 522.7148794 554.1890294 587.1990541 597.8120064 612.1463348 635.5645312 650.3359979 697.9905769 712.7069699 742.8809052 768.1250563 782.7260100 802.5286757 835.2033051 844.5699084 911.7184883 953.5265380 975.4308559 1038.827276 1132.529202 1189.586137 1231.615863 1346.583916 1415.826876 1428.210245 1469.476710 1537.756328 1613.696360 1717.751566 1752.088866 1950.039542 2072.255303 2159.801648 2276.287549 2593.103477 2669.181239 2859.177865 2911.899239 3098.187429 3161.625060 3245.666870 3454.760415 3646.780461 3857.945079 4013.634575 4242.107795 4626.931282 4709.509065 4892.155892 5255.675303 5288.967472 5123.010076 5377.981103 5508.809463 5615.528300 6154.794250 6690.070248 7128.823218 7281.900145 7940.229140 8976.838266 9138.588135 9746.456833 10052.90948 11170.71199 11438.91356 11919.99443 13927.97226 14321.07409 14736.39449 15514.25999 16215.20181 16509.04121 17714.90149 18117.72981 19054.06170 19718.84479 20558.35562 20985.35268 21737.80936 22428.55570 24807.82417 26860.90308 30955.85853 31594.19792 32338.24096 33643.76249 34552.25320 35904.67919 38554.83699 41508.46369 42527.09923 51090.81520 51917.51317 73945.97727 78868.78768 89971.98918 103928.5778 112091.0251 228801.2596 724194.9549 29028502.10 29923937.40
      sorted:	 0.005102865473 0.01095872243 0.03533102047 0.03815100509 0.03856997018 0.03947681770 0.03984540139 0.04032191135 0.04101405365 0.1489029910 8.512709245 32.09966771 34.86446047 46.59035517 77.70314810 97.68407073 114.9910204 123.9840630 132.6964109 142.0263942 170.1223404 186.9054382 191.4927963 195.3174385 203.6808095 221.9901049 229.6949892 243.5984192 249.1974670 251.8249672 289.8679939 298.5641654 316.1153331 319.2896410 332.3176046 385.8278860 445.7130995 465.6791921 481.1447852 503.1147063 522.7148794 554.1890294 587.1990541 597.8120064 612.1463348 635.5645312 650.3359979 697.9905769 712.7069699 742.8809052 768.1250563 782.7260100 802.5286757 835.2033051 844.5699084 911.7184883 953.5265380 975.4308559 1038.827276 1132.529202 1189.586137 1231.615863 1346.583916 1415.826876 1428.210245 1469.476710 1537.756328 1613.696360 1717.751566 1752.088866 1950.039542 2072.255303 2159.801648 2276.287549 2593.103477 2669.181239 2859.177865 2911.899239 3098.187429 3161.625060 3245.666870 3454.760415 3646.780461 3857.945079 4013.634575 4242.107795 4626.931282 4709.509065 4892.155892 5123.010076 5255.675303 5288.967472 5377.981103 5508.809463 5615.528300 6154.794250 6690.070248 7128.823218 7281.900145 7940.229140 8976.838266 9138.588135 9746.456833 10052.90948 11170.71199 11438.91356 11919.99443 13927.97226 14321.07409 14736.39449 15514.25999 16215.20181 16509.04121 17714.90149 18117.72981 19054.06170 19718.84479 20558.35562 20985.35268 21737.80936 22428.55570 24807.82417 26860.90308 30955.85853 31594.19792 32338.24096 33643.76249 34552.25320 35904.67919 38554.83699 41508.46369 42527.09923 51090.81520 51917.51317 73945.97727 78868.78768 89971.98918 103928.5778 112091.0251 228801.2596 724194.9549 29028502.10 29923937.40
