    unsorted:	 0.03913836133 0.03952671926 0.03790494098 0.04142824007 0.04342977522 0.04438749509 0.009678500671 0.005042601021 0.1464311814 225.9447376 227.4519163 239.2358231 249.5198361 200.6787958 195.3630359 193.8381288 264.0055689 291.0986159 306.3845771 324.2263693 334.9817516 149.7266331 381.5788578 399.1745093 402.5738896 420.5646560 443.4215567 467.2819704 135.9609345 489.2642550 503.3743191 516.7311724 531.2025101 109.7088962 98.52073627 80.79220450 8.558771964 32.12583574 36.45099910 46.57885850 573.0459195 600.9863994 651.9789292 658.8889396 674.3632093 707.8472950 722.2407370 745.8675832 760.1613495 796.9232215 855.6267958 901.6210345 926.5495888 939.4945889 943.1503433 996.7715151 1032.154763 1072.177389 1150.409986 1180.198284 1234.359091 1324.928245 1400.197986 1438.004708 1501.923678 1586.315772 1669.082875 1727.837467 1763.476137 1774.547385 1848.544143 2003.623314 2315.499396 2548.854023 2608.550452 2683.013563 2757.703517 2928.017775 2961.888871 3094.728710 3223.748596 3393.814172 3565.641348 3721.677628 3938.217679 4061.958680 4381.193784 4548.101565 5073.527545 5102.001285 5013.905783 5455.493244 5585.738807 5767.041115 5860.498901 6420.946863 6681.926564 6994.848092 7047.996308 8351.551393 8486.196983 9315.266539 9452.103652 9582.756946 9961.249915 10854.44346 10985.14754 11511.74533 12726.09619 12939.62342 13525.91886 14988.96656 15557.52469 15966.48709 16995.08148 17448.46759 18535.44973 18711.15614 18894.93506 20849.79602 21259.81204 21528.43371 23225.66799 24399.85560 26968.43153 28790.32214 29891.69621 31698.20972 34244.87948 35373.83998 38573.45120 39008.59625 41875.05904 43011.99590 45361.51548 48395.34129 54496.39706 57062.39080 72410.26334 83925.45022 99533.75250 111119.7323 119262.7537 240975.2789 695640.1483 16962001.17 47567990.62 184219357.2
      sorted:	 0.005042601021 0.009678500671 0.03790494098 0.03913836133 0.03952671926 0.04142824007 0.04342977522 0.04438749509 0.1464311814 8.558771964 32.12583574 36.45099910 46.57885850 80.79220450 98.52073627 109.7088962 135.9609345 149.7266331 193.8381288 195.3630359 200.6787958 225.9447376 227.4519163 239.2358231 249.5198361 264.0055689 291.0986159 306.3845771 324.2263693 334.9817516 381.5788578 399.1745093 402.5738896 420.5646560 443.4215567 467.2819704 489.2642550 503.3743191 516.7311724 531.2025101 573.0459195 600.9863994 651.9789292 658.8889396 674.3632093 707.8472950 722.2407370 745.8675832 760.1613495 796.9232215 855.6267958 901.6210345 926.5495888 939.4945889 943.1503433 996.7715151 1032.154763 1072.177389 1150.409986 1180.198284 1234.359091 1324.928245 1400.197986 1438.004708 1501.923678 1586.315772 1669.082875 1727.837467 1763.476137 1774.547385 1848.544143 2003.623314 2315.499396 2548.854023 2608.550452 2683.013563 2757.703517 2928.017775 2961.888871 3094.728710 3223.748596 3393.814172 3565.641348 3721.677628 3938.217679 4061.958680 4381.193784 4548.101565 5013.905783 5073.527545 5102.001285 5455.493244 5585.738807 5767.041115 5860.498901 6420.946863 6681.926564 6994.848092 7047.996308 8351.551393 8486.196983 9315.266539 9452.103652 9582.756946 9961.249915 10854.44346 10985.14754 11511.74533 12726.09619 12939.62342 13525.91886 14988.96656 15557.52469 15966.48709 16995.08148 17448.46759 18535.44973 18711.15614 18894.93506 20849.79602 21259.81204 21528.43371 23225.66799 24399.85560 26968.43153 28790.32214 29891.69621 31698.20972 34244.87948 35373.83998 38573.45120 39008.59625 41875.05904 43011.99590 45361.51548 48395.34129 54496.39706 57062.39080 72410.26334 83925.45022 99533.75250 111119.7323 119262.7537 240975.2789 695640.1483 16962001.17 47567990.62 184219357.2
