    unsorted:	 0.03927836519 0.03946677672 0.04066334045 0.04195460653 0.04467876895 0.03537360894 0.01464062755 0.005512118436 0.1468226187 218.8989077 214.3155035 223.9348608 210.8678293 233.1744460 196.2220215 193.3703537 253.0245890 282.7411096 296.8212838 313.5482888 332.2646294 149.6316595 139.6830287 116.0700491 100.4768630 376.1044713 382.9650765 398.2755933 417.3577304 438.3779481 464.1562174 485.6427973 516.9572444 532.9992631 541.8173352 37.63869309 33.74713349 55.47172754 17.04163640 74.80652672 576.8848563 611.9053135 655.8716449 661.9371300 678.3401656 717.3126547 718.8412104 761.7297961 767.9054458 809.4300789 823.7482548 850.6721928 880.2927888 925.2380287 940.9289282 992.3630613 1027.474469 1096.642125 1170.545551 1279.728923 1342.470799 1426.288219 1413.357368 1476.460550 1570.966410 1660.329630 1752.059038 1811.508755 1873.233299 2023.248390 2285.676401 2476.695285 2612.389019 2759.751845 2770.338387 2958.473606 3010.810943 3094.379356 3199.345900 3285.962150 3540.030721 3829.673212 3975.553853 4202.737670 4929.136652 5115.005701 5100.819246 5377.380323 5567.238800 5725.888851 5739.986633 6781.307033 6939.541607 7081.595857 8135.301167 8331.892743 9488.097432 9558.036744 9687.263299 10051.41374 10778.88993 10988.73534 11868.20173 12125.19857 12888.03829 14538.74659 15326.15014 15616.51475 16604.13131 17385.83972 17951.74789 18273.00915 18580.09878 20455.83355 21292.76843 21789.54703 23464.69898 25054.97507 27315.16719 27774.58688 29529.23129 34946.55808 35913.21940 40901.28418 43343.87819 44175.87580 49161.95054 53944.57708 56724.10438 70921.21549 87725.41238 96349.84121 108752.7530 114990.0550 217917.1932 669692.8830 12229882.85 21137253.54
      sorted:	 0.005512118436 0.01464062755 0.03537360894 0.03927836519 0.03946677672 0.04066334045 0.04195460653 0.04467876895 0.1468226187 17.04163640 33.74713349 37.63869309 55.47172754 74.80652672 100.4768630 116.0700491 139.6830287 149.6316595 193.3703537 196.2220215 210.8678293 214.3155035 218.8989077 223.9348608 233.1744460 253.0245890 282.7411096 296.8212838 313.5482888 332.2646294 376.1044713 382.9650765 398.2755933 417.3577304 438.3779481 464.1562174 485.6427973 516.9572444 532.9992631 541.8173352 576.8848563 611.9053135 655.8716449 661.9371300 678.3401656 717.3126547 718.8412104 761.7297961 767.9054458 809.4300789 823.7482548 850.6721928 880.2927888 925.2380287 940.9289282 992.3630613 1027.474469 1096.642125 1170.545551 1279.728923 1342.470799 1413.357368 1426.288219 1476.460550 1570.966410 1660.329630 1752.059038 1811.508755 1873.233299 2023.248390 2285.676401 2476.695285 2612.389019 2759.751845 2770.338387 2958.473606 3010.810943 3094.379356 3199.345900 3285.962150 3540.030721 3829.673212 3975.553853 4202.737670 4929.136652 5100.819246 5115.005701 5377.380323 5567.238800 5725.888851 5739.986633 6781.307033 6939.541607 7081.595857 8135.301167 8331.892743 9488.097432 9558.036744 9687.263299 10051.41374 10778.88993 10988.73534 11868.20173 12125.19857 12888.03829 14538.74659 15326.15014 15616.51475 16604.13131 17385.83972 17951.74789 18273.00915 18580.09878 20455.83355 21292.76843 21789.54703 23464.69898 25054.97507 27315.16719 27774.58688 29529.23129 34946.55808 35913.21940 40901.28418 43343.87819 44175.87580 49161.95054 53944.57708 56724.10438 70921.21549 87725.41238 96349.84121 108752.7530 114990.0550 217917.1932 669692.8830 12229882.85 21137253.54
