    unsorted:	 0.04347630741 0.04376992134 0.04132512569 0.03897353395 0.03828579188 0.03993862374 0.005417898049 0.004839206827 0.1481606478 212.2076102 214.3437055 207.8901622 196.4548282 230.9723901 248.3455421 260.4895627 185.5622819 286.3967038 285.4102337 325.3750638 318.9949328 331.0407226 341.0296619 354.5064173 158.6588374 119.9988776 117.0733936 98.67230262 8.443122976 35.07373168 32.84445163 31.84775583 22.99610306 406.5963221 416.8012163 452.7317772 469.8929779 489.5857874 499.1563949 513.4656462 534.7218830 573.2997183 596.6465536 635.3729993 645.7337504 707.2242178 705.8326036 690.4383739 722.2525760 782.7766752 786.2434792 831.5637685 859.6985982 900.7753816 936.6762067 946.5765806 1014.762973 1048.389956 1108.491942 1147.226387 1186.915398 1220.961582 1329.444377 1409.231911 1484.451329 1554.060545 1585.168691 1676.339009 1773.225593 1807.464227 1882.293647 2105.592486 2274.800398 2432.718499 2548.007651 2664.128530 2753.573376 2811.989771 3062.482141 3125.102637 3249.288105 3358.034866 3429.253341 3489.959530 3902.738857 4071.653573 4474.673513 4955.640059 5147.403728 5153.778406 5254.737061 5489.852121 5862.479577 6377.154038 6729.162606 7017.106326 7182.771664 7719.391283 8239.601692 8547.413530 8894.868725 9106.835940 9684.973238 10405.94285 10702.00950 11324.00054 12520.43245 12983.81838 13806.52095 14544.58991 15129.09359 15826.26785 16741.18375 18254.12856 18211.89346 18606.64630 18646.57123 20887.26756 21349.56485 21747.65217 22972.69545 23875.93562 26434.33916 29728.34578 30054.21551 32638.88209 34886.96002 37730.39705 37963.16664 38533.54508 42592.65225 43071.71716 46004.48773 54967.22745 55765.59572 72923.37482 79767.81340 99025.61693 112400.2021 118921.6278 247766.9156 699317.9673 22907067.40 39357425.57
      sorted:	 0.004839206827 0.005417898049 0.03828579188 0.03897353395 0.03993862374 0.04132512569 0.04347630741 0.04376992134 0.1481606478 8.443122976 22.99610306 31.84775583 32.84445163 35.07373168 98.67230262 117.0733936 119.9988776 158.6588374 185.5622819 196.4548282 207.8901622 212.2076102 214.3437055 230.9723901 248.3455421 260.4895627 285.4102337 286.3967038 318.9949328 325.3750638 331.0407226 341.0296619 354.5064173 406.5963221 416.8012163 452.7317772 469.8929779 489.5857874 499.1563949 513.4656462 534.7218830 573.2997183 596.6465536 635.3729993 645.7337504 690.4383739 705.8326036 707.2242178 722.2525760 782.7766752 786.2434792 831.5637685 859.6985982 900.7753816 936.6762067 946.5765806 1014.762973 1048.389956 1108.491942 1147.226387 1186.915398 1220.961582 1329.444377 1409.231911 1484.451329 1554.060545 1585.168691 1676.339009 1773.225593 1807.464227 1882.293647 2105.592486 2274.800398 2432.718499 2548.007651 2664.128530 2753.573376 2811.989771 3062.482141 3125.102637 3249.288105 3358.034866 3429.253341 3489.959530 3902.738857 4071.653573 4474.673513 4955.640059 5147.403728 5153.778406 5254.737061 5489.852121 5862.479577 6377.154038 6729.162606 7017.106326 7182.771664 7719.391283 8239.601692 8547.413530 8894.868725 9106.835940 9684.973238 10405.94285 10702.00950 11324.00054 12520.43245 12983.81838 13806.52095 14544.58991 15129.09359 15826.26785 16741.18375 18211.89346 18254.12856 18606.64630 18646.57123 20887.26756 21349.56485 21747.65217 22972.69545 23875.93562 26434.33916 29728.34578 30054.21551 32638.88209 34886.96002 37730.39705 37963.16664 38533.54508 42592.65225 43071.71716 46004.48773 54967.22745 55765.59572 72923.37482 79767.81340 99025.61693 112400.2021 118921.6278 247766.9156 699317.9673 22907067.40 39357425.57
