    unsorted:	 0.03850962115 0.03842165498 0.03952181549 0.03962251294 0.04034286061 0.04103247566 0.03522841507 0.005125546629 0.01129415727 0.1489761121 8.579126145 195.1780579 193.8007397 188.7914302 207.1609179 168.4773190 225.5689857 242.9397193 247.5057424 251.7615997 253.6620353 130.1938582 127.3563598 144.9903133 113.2244169 97.40122196 43.22853953 34.84534140 31.97883372 79.73398670 290.7158025 300.6428641 313.4570609 321.9645969 334.1351712 395.5109311 452.4900698 469.5757584 487.6497295 526.2435102 533.0641566 588.5050587 597.9319653 616.8420458 640.4770979 648.1842556 678.6321042 692.8562135 714.5208167 752.9322355 769.9665114 793.4518368 805.1583299 841.1744816 852.7591288 914.0945319 960.9719446 988.7416270 1049.695418 1159.341228 1219.644154 1253.966940 1352.330628 1422.552735 1452.363725 1535.670637 1605.030284 1736.648584 1776.113463 1980.268733 2094.989419 2170.469903 2290.726001 2596.748382 2687.879691 2907.337450 2969.717736 3109.854344 3181.204568 3254.740507 3461.738691 3685.629373 3916.631458 3952.960269 4202.946609 4594.958525 4669.710535 4883.054932 5260.573563 5302.213508 5132.009028 5366.801867 5562.469544 5628.095731 6492.347005 6791.706919 7157.463786 7841.889858 8438.573629 8974.679259 9201.663562 9742.693022 10158.49216 11389.71126 11172.92973 12874.01135 14132.90969 14686.64575 15327.00898 16244.76293 16490.53672 17574.19267 17802.36555 18555.82099 18800.17046 19640.91035 20720.14001 20900.06571 21739.61040 22315.27588 24963.05090 27577.97369 30694.47110 31670.08802 32300.90472 34479.59862 36010.09659 38313.08955 40888.98698 42580.27694 51111.89692 51993.96990 74255.96507 77723.52169 89843.20455 103959.6289 110411.7366 227932.5068 712795.6323 28955508.45 24445079.66
      sorted:	 0.005125546629 0.01129415727 0.03522841507 0.03842165498 0.03850962115 0.03952181549 0.03962251294 0.04034286061 0.04103247566 0.1489761121 8.579126145 31.97883372 34.84534140 43.22853953 79.73398670 97.40122196 113.2244169 127.3563598 130.1938582 144.9903133 168.4773190 188.7914302 193.8007397 195.1780579 207.1609179 225.5689857 242.9397193 247.5057424 251.7615997 253.6620353 290.7158025 300.6428641 313.4570609 321.9645969 334.1351712 395.5109311 452.4900698 469.5757584 487.6497295 526.2435102 533.0641566 588.5050587 597.9319653 616.8420458 640.4770979 648.1842556 678.6321042 692.8562135 714.5208167 752.9322355 769.9665114 793.4518368 805.1583299 841.1744816 852.7591288 914.0945319 960.9719446 988.7416270 1049.695418 1159.341228 1219.644154 1253.966940 1352.330628 1422.552735 1452.363725 1535.670637 1605.030284 1736.648584 1776.113463 1980.268733 2094.989419 2170.469903 2290.726001 2596.748382 2687.879691 2907.337450 2969.717736 3109.854344 3181.204568 3254.740507 3461.738691 3685.629373 3916.631458 3952.960269 4202.946609 4594.958525 4669.710535 4883.054932 5132.009028 5260.573563 5302.213508 5366.801867 5562.469544 5628.095731 6492.347005 6791.706919 7157.463786 7841.889858 8438.573629 8974.679259 9201.663562 9742.693022 10158.49216 11172.92973 11389.71126 12874.01135 14132.90969 14686.64575 15327.00898 16244.76293 16490.53672 17574.19267 17802.36555 18555.82099 18800.17046 19640.91035 20720.14001 20900.06571 21739.61040 22315.27588 24963.05090 27577.97369 30694.47110 31670.08802 32300.90472 34479.59862 36010.09659 38313.08955 40888.98698 42580.27694 51111.89692 51993.96990 74255.96507 77723.52169 89843.20455 103959.6289 110411.7366 227932.5068 712795.6323 24445079.66 28955508.45
