    unsorted:	 0.04335354789 0.04317182409 0.04142008325 0.03847674643 0.03945036879 0.03595822081 0.02663661512 0.006928875369 0.005199103469 0.1480846617 2.088718964 8.392577288 208.9850083 214.5988859 203.5434462 200.8049538 222.6635363 192.5585928 178.0066005 241.9896517 257.5001616 166.0934834 278.4221444 305.1319280 307.1215508 295.5704333 328.3039169 331.3868182 341.1407698 124.4599085 107.6579122 98.51490356 32.01068481 34.07111124 406.4605630 453.9607914 461.4230390 477.0741544 492.1173481 522.6582718 547.3870158 557.1709668 567.8138949 581.9645737 615.4260608 646.3998912 657.6059911 677.5632691 674.3103189 702.8038240 707.9151280 764.9230511 813.4175159 863.6203048 890.9270641 907.8052698 915.2473710 984.4395300 1032.024298 1101.281751 1107.257038 1189.358685 1272.452624 1367.594691 1435.476752 1455.669633 1608.355391 1663.276442 1738.950054 1857.848350 1927.608675 2159.926154 2253.992480 2335.647356 2451.007945 2574.253192 2729.130819 2955.945869 3068.943666 3245.054752 3322.857716 3438.651108 3521.173246 3869.123150 4018.893528 4410.174379 4761.838104 4825.937863 5014.913847 5161.126073 5428.109761 5761.708032 6100.657141 6621.764340 6749.172290 7072.424816 7195.393119 7459.800142 8212.693481 8967.526103 9177.136561 9595.675214 10099.05398 10530.84584 11384.32159 12388.49360 12503.13118 14047.05427 14711.31158 15456.94248 16490.50918 17529.25795 18032.80444 18044.36282 18365.99286 18998.02880 20499.92577 21332.14029 21640.96575 22134.79850 23416.70668 26127.80750 29071.91801 31406.11306 33448.70937 35523.79532 37030.52010 37518.17657 39928.54868 42999.96669 44485.50307 53352.06541 54589.36543 70504.09194 78278.70579 97699.02336 111436.0812 115336.0773 246409.6308 676600.9664 25885321.53 29226052.55
      sorted:	 0.005199103469 0.006928875369 0.02663661512 0.03595822081 0.03847674643 0.03945036879 0.04142008325 0.04317182409 0.04335354789 0.1480846617 2.088718964 8.392577288 32.01068481 34.07111124 98.51490356 107.6579122 124.4599085 166.0934834 178.0066005 192.5585928 200.8049538 203.5434462 208.9850083 214.5988859 222.6635363 241.9896517 257.5001616 278.4221444 295.5704333 305.1319280 307.1215508 328.3039169 331.3868182 341.1407698 406.4605630 453.9607914 461.4230390 477.0741544 492.1173481 522.6582718 547.3870158 557.1709668 567.8138949 581.9645737 615.4260608 646.3998912 657.6059911 674.3103189 677.5632691 702.8038240 707.9151280 764.9230511 813.4175159 863.6203048 890.9270641 907.8052698 915.2473710 984.4395300 1032.024298 1101.281751 1107.257038 1189.358685 1272.452624 1367.594691 1435.476752 1455.669633 1608.355391 1663.276442 1738.950054 1857.848350 1927.608675 2159.926154 2253.992480 2335.647356 2451.007945 2574.253192 2729.130819 2955.945869 3068.943666 3245.054752 3322.857716 3438.651108 3521.173246 3869.123150 4018.893528 4410.174379 4761.838104 4825.937863 5014.913847 5161.126073 5428.109761 5761.708032 6100.657141 6621.764340 6749.172290 7072.424816 7195.393119 7459.800142 8212.693481 8967.526103 9177.136561 9595.675214 10099.05398 10530.84584 11384.32159 12388.49360 12503.13118 14047.05427 14711.31158 15456.94248 16490.50918 17529.25795 18032.80444 18044.36282 18365.99286 18998.02880 20499.92577 21332.14029 21640.96575 22134.79850 23416.70668 26127.80750 29071.91801 31406.11306 33448.70937 35523.79532 37030.52010 37518.17657 39928.54868 42999.96669 44485.50307 53352.06541 54589.36543 70504.09194 78278.70579 97699.02336 111436.0812 115336.0773 246409.6308 676600.9664 25885321.53 29226052.55
