    unsorted:	 0.03862956455 0.03887163025 0.04017453346 0.04163357211 0.04153344858 0.03733306193 0.03151686868 0.01258263314 0.006454433262 0.1493789304 8.761691026 217.2483458 213.4090417 207.6284929 195.3466983 236.4334273 249.3883882 256.4458572 261.8060061 265.4565667 282.6615126 294.5989520 301.0149583 164.7119536 153.6128433 156.3292270 137.7798577 134.0365290 113.1624188 100.5714151 36.32754563 33.94009393 26.29048753 339.2031839 416.4804284 434.8193257 449.6701298 482.4511882 502.9374671 523.4299852 531.3339221 572.7497292 589.8429684 599.5951077 636.5090516 643.1608108 660.2776338 665.6692579 688.3142096 712.9305955 733.5911525 780.1327159 785.4785894 842.3303308 891.8892380 943.4794827 951.5696770 981.9259935 1037.866538 1064.610930 1122.532978 1199.625929 1351.154348 1393.499458 1470.514518 1572.193600 1633.904298 1626.328518 1762.785686 1886.018815 1901.480210 2189.359412 2285.026018 2437.364497 2663.059727 2830.585895 2825.351472 3117.224553 3137.269841 3224.442561 3408.926839 3537.635269 3812.777589 3977.789021 4145.548457 4508.220297 4744.821588 5046.110138 5233.671233 5184.735889 5502.332301 5696.067728 6155.399163 6728.660261 6993.776540 7110.656925 7441.824079 8195.990555 9235.145217 9459.610705 10066.36619 10978.81252 11290.12255 12458.47318 13557.12216 13989.05741 14491.63804 15114.54881 15595.91923 16796.23719 17191.21068 17492.35307 18050.99696 19869.69679 20965.44626 21396.31850 21318.49116 23459.77104 26197.79834 28984.55795 29631.65867 31048.34122 33635.55010 38329.90475 39761.49467 43051.43378 45973.04846 51063.80009 52303.45778 74097.92645 82255.40751 90021.21395 102330.9886 109342.9687 207911.1053 674318.7292 18293732.98 21646384.18
      sorted:	 0.006454433262 0.01258263314 0.03151686868 0.03733306193 0.03862956455 0.03887163025 0.04017453346 0.04153344858 0.04163357211 0.1493789304 8.761691026 26.29048753 33.94009393 36.32754563 100.5714151 113.1624188 134.0365290 137.7798577 153.6128433 156.3292270 164.7119536 195.3466983 207.6284929 213.4090417 217.2483458 236.4334273 249.3883882 256.4458572 261.8060061 265.4565667 282.6615126 294.5989520 301.0149583 339.2031839 416.4804284 434.8193257 449.6701298 482.4511882 502.9374671 523.4299852 531.3339221 572.7497292 589.8429684 599.5951077 636.5090516 643.1608108 660.2776338 665.6692579 688.3142096 712.9305955 733.5911525 780.1327159 785.4785894 842.3303308 891.8892380 943.4794827 951.5696770 981.9259935 1037.866538 1064.610930 1122.532978 1199.625929 1351.154348 1393.499458 1470.514518 1572.193600 1626.328518 1633.904298 1762.785686 1886.018815 1901.480210 2189.359412 2285.026018 2437.364497 2663.059727 2825.351472 2830.585895 3117.224553 3137.269841 3224.442561 3408.926839 3537.635269 3812.777589 3977.789021 4145.548457 4508.220297 4744.821588 5046.110138 5184.735889 5233.671233 5502.332301 5696.067728 6155.399163 6728.660261 6993.776540 7110.656925 7441.824079 8195.990555 9235.145217 9459.610705 10066.36619 10978.81252 11290.12255 12458.47318 13557.12216 13989.05741 14491.63804 15114.54881 15595.91923 16796.23719 17191.21068 17492.35307 18050.99696 19869.69679 20965.44626 21318.49116 21396.31850 23459.77104 26197.79834 28984.55795 29631.65867 31048.34122 33635.55010 38329.90475 39761.49467 43051.43378 45973.04846 51063.80009 52303.45778 74097.92645 82255.40751 90021.21395 102330.9886 109342.9687 207911.1053 674318.7292 18293732.98 21646384.18
