    unsorted:	 0.03853597307 0.03881086003 0.04090883717 0.04147605820 0.03618694573 0.03623975510 0.04299964317 0.005131591563 0.008199143181 0.1492273665 237.0961472 230.9382803 196.1855004 200.4401568 209.1541921 186.0977498 182.9140033 254.2205897 269.7969077 276.1376041 284.9164716 301.2969300 312.2652403 138.9473394 134.1329783 131.0871708 148.2872243 334.0338586 98.78887391 96.01189654 8.505789830 21.29987163 31.99072955 34.15949200 401.9818054 455.9154076 453.0466396 473.0397067 492.5164314 505.8227894 514.3212755 562.6068321 578.9686680 589.0452351 614.1477137 624.8228942 655.1353691 679.7078178 699.7255275 710.3390264 733.2751021 750.7599132 813.9957832 880.1736771 896.7496728 944.8906873 956.1932487 975.3897025 1043.490295 1055.758791 1091.647118 1135.557093 1177.313997 1261.176004 1410.615483 1454.100049 1524.635625 1593.643652 1640.811491 1706.690747 1743.715248 1875.246356 2140.080637 2211.225195 2316.869752 2595.594619 2713.114740 2781.708159 3063.957324 3136.550515 3206.514486 3335.729063 3481.615275 3534.152943 3862.347679 4080.538605 4288.418668 4556.065688 4802.309529 5227.194641 5109.923551 5450.110342 5620.792550 5917.225141 6042.467605 6322.903028 6632.015636 6763.698012 7268.346109 7713.107153 8198.011384 9265.453332 9342.961568 10079.06708 10357.24601 11391.41194 11978.58866 12827.23086 13428.83714 14622.56397 14842.93180 15607.91935 16587.45848 17453.99945 17825.62401 18111.33235 18328.17238 20288.44986 21162.26512 21373.58524 21651.77281 23089.96707 25671.75437 28485.72993 29708.85188 32593.04068 34048.14554 35024.93273 36536.75477 37230.01502 39383.15781 43065.59390 43509.45708 53259.27102 52489.69665 74347.14719 76997.90387 94089.11895 107932.5766 114360.5637 243054.2205 687443.0327 29082064.21 36029495.52
      sorted:	 0.005131591563 0.008199143181 0.03618694573 0.03623975510 0.03853597307 0.03881086003 0.04090883717 0.04147605820 0.04299964317 0.1492273665 8.505789830 21.29987163 31.99072955 34.15949200 96.01189654 98.78887391 131.0871708 134.1329783 138.9473394 148.2872243 182.9140033 186.0977498 196.1855004 200.4401568 209.1541921 230.9382803 237.0961472 254.2205897 269.7969077 276.1376041 284.9164716 301.2969300 312.2652403 334.0338586 401.9818054 453.0466396 455.9154076 473.0397067 492.5164314 505.8227894 514.3212755 562.6068321 578.9686680 589.0452351 614.1477137 624.8228942 655.1353691 679.7078178 699.7255275 710.3390264 733.2751021 750.7599132 813.9957832 880.1736771 896.7496728 944.8906873 956.1932487 975.3897025 1043.490295 1055.758791 1091.647118 1135.557093 1177.313997 1261.176004 1410.615483 1454.100049 1524.635625 1593.643652 1640.811491 1706.690747 1743.715248 1875.246356 2140.080637 2211.225195 2316.869752 2595.594619 2713.114740 2781.708159 3063.957324 3136.550515 3206.514486 3335.729063 3481.615275 3534.152943 3862.347679 4080.538605 4288.418668 4556.065688 4802.309529 5109.923551 5227.194641 5450.110342 5620.792550 5917.225141 6042.467605 6322.903028 6632.015636 6763.698012 7268.346109 7713.107153 8198.011384 9265.453332 9342.961568 10079.06708 10357.24601 11391.41194 11978.58866 12827.23086 13428.83714 14622.56397 14842.93180 15607.91935 16587.45848 17453.99945 17825.62401 18111.33235 18328.17238 20288.44986 21162.26512 21373.58524 21651.77281 23089.96707 25671.75437 28485.72993 29708.85188 32593.04068 34048.14554 35024.93273 36536.75477 37230.01502 39383.15781 43065.59390 43509.45708 52489.69665 53259.27102 74347.14719 76997.90387 94089.11895 107932.5766 114360.5637 243054.2205 687443.0327 29082064.21 36029495.52
