    unsorted:	 0.03893025174 0.04048638814 0.04007632659 0.04134840610 0.03801892369 0.04352324365 0.005474763537 0.004826368882 0.1482054821 213.8642584 212.0302029 206.6189066 196.8565354 229.9173930 247.8027654 186.4162813 260.0915662 285.0691667 287.3173590 319.4966246 326.8453119 335.9394837 342.9814973 348.9048656 160.5716621 118.3618914 116.5028648 98.62709268 8.450686397 31.54569933 32.33188356 35.23551813 29.47835438 407.2950354 417.9444228 452.4753962 470.4422511 489.4808614 498.0719736 506.1592132 540.1163550 573.7581136 597.1885278 633.3255468 643.5959500 678.9734792 706.8691261 700.5197036 720.2980781 785.1421456 786.9266623 825.6846170 852.3245234 900.5124642 933.7719484 945.5562863 1014.122461 1048.645846 1110.842966 1150.230268 1190.367315 1222.297974 1340.289584 1423.969208 1493.887431 1537.798397 1662.239166 1749.131341 1803.356565 1865.012340 1979.977878 2272.385702 2420.144530 2538.144735 2652.910398 2745.167592 2814.398794 3100.480602 3126.374069 3243.921858 3326.704256 3431.239732 3459.563738 3905.537074 4045.084959 4450.561080 4942.929701 5149.040328 5112.854530 5197.743834 5484.594690 5864.726379 6375.817414 6715.412129 7133.231417 7572.788065 7759.948188 8202.339035 8542.158446 9068.046876 9484.657859 9786.171381 10357.62656 10699.81657 11321.74369 12582.07338 12881.46855 13997.92976 14801.96517 15709.26876 16659.74570 17945.54213 18230.49872 18159.96872 18660.09367 19330.22857 20863.73284 21347.56283 21762.05693 22847.27678 23574.11967 26422.33600 29148.14832 29308.22226 34056.49899 35986.00266 37641.34421 38037.07642 41756.02097 43005.25351 45376.00998 54939.73481 55680.80146 70857.20931 79888.84134 99039.21472 112503.8366 116436.2718 248558.2357 680978.5611 3997164.564 31234513.15
      sorted:	 0.004826368882 0.005474763537 0.03801892369 0.03893025174 0.04007632659 0.04048638814 0.04134840610 0.04352324365 0.1482054821 8.450686397 29.47835438 31.54569933 32.33188356 35.23551813 98.62709268 116.5028648 118.3618914 160.5716621 186.4162813 196.8565354 206.6189066 212.0302029 213.8642584 229.9173930 247.8027654 260.0915662 285.0691667 287.3173590 319.4966246 326.8453119 335.9394837 342.9814973 348.9048656 407.2950354 417.9444228 452.4753962 470.4422511 489.4808614 498.0719736 506.1592132 540.1163550 573.7581136 597.1885278 633.3255468 643.5959500 678.9734792 700.5197036 706.8691261 720.2980781 785.1421456 786.9266623 825.6846170 852.3245234 900.5124642 933.7719484 945.5562863 1014.122461 1048.645846 1110.842966 1150.230268 1190.367315 1222.297974 1340.289584 1423.969208 1493.887431 1537.798397 1662.239166 1749.131341 1803.356565 1865.012340 1979.977878 2272.385702 2420.144530 2538.144735 2652.910398 2745.167592 2814.398794 3100.480602 3126.374069 3243.921858 3326.704256 3431.239732 3459.563738 3905.537074 4045.084959 4450.561080 4942.929701 5112.854530 5149.040328 5197.743834 5484.594690 5864.726379 6375.817414 6715.412129 7133.231417 7572.788065 7759.948188 8202.339035 8542.158446 9068.046876 9484.657859 9786.171381 10357.62656 10699.81657 11321.74369 12582.07338 12881.46855 13997.92976 14801.96517 15709.26876 16659.74570 17945.54213 18159.96872 18230.49872 18660.09367 19330.22857 20863.73284 21347.56283 21762.05693 22847.27678 23574.11967 26422.33600 29148.14832 29308.22226 34056.49899 35986.00266 37641.34421 38037.07642 41756.02097 43005.25351 45376.00998 54939.73481 55680.80146 70857.20931 79888.84134 99039.21472 112503.8366 116436.2718 248558.2357 680978.5611 3997164.564 31234513.15
