    unsorted:	 0.04097836017 0.04140568124 0.03842711437 0.03942668408 0.04347481270 0.03500826821 0.02695911037 0.005212226086 0.01242291454 0.1481804500 206.4465876 216.5539183 217.9284315 198.7203198 193.4773221 234.5981732 181.6122502 247.4989639 256.7078716 266.9786100 283.2152306 284.7625732 293.9075719 305.5646614 164.2606957 328.5754394 338.0465952 130.9372134 114.2142318 98.98483179 8.549862459 35.35411394 32.49974023 24.50759673 421.3639091 450.0030433 467.1228432 486.2383400 496.2688915 552.9541653 546.7625631 563.5123291 571.6624800 589.1439566 618.2505627 634.2674559 660.7417641 664.8857060 701.6855369 699.3398987 704.8278743 775.3032190 824.9446365 849.5005652 842.9387775 905.0034868 898.9514691 992.8918839 1033.465661 1100.091161 1117.000855 1258.081291 1354.009904 1418.696206 1450.683169 1491.914404 1540.734957 1652.272266 1674.819344 1746.945345 1884.551408 1986.666448 2061.019584 2267.280518 2360.193476 2487.781062 2556.938978 2610.254899 2763.298656 2898.399989 3048.032859 3292.671980 3371.464124 3462.097513 3612.741330 3917.641433 3985.272028 4356.801039 4761.070438 4896.542253 5048.951239 5164.968073 5438.735853 5650.160054 6049.682012 6269.506152 6688.476077 7014.547372 7132.827735 7344.656253 8121.890829 8423.119053 9116.775719 9304.852969 10225.76186 10715.71742 11262.99599 12150.99563 12647.88775 13409.30123 14224.23428 14766.36934 15237.68774 16139.99933 16884.16312 18016.54365 18069.77446 18372.01138 20918.48997 21335.77168 21608.14637 22217.07812 24675.42031 26760.59791 27983.58398 29293.84566 29716.12554 32952.85129 34903.36379 36279.26000 39819.85689 40360.70708 41512.65688 43276.56875 48767.37650 53150.11474 54573.61888 70414.04819 85034.89857 96672.48156 109288.2804 117194.5558 224403.3835 670122.1966 21835918.01 83388668.10
      sorted:	 0.005212226086 0.01242291454 0.02695911037 0.03500826821 0.03842711437 0.03942668408 0.04097836017 0.04140568124 0.04347481270 0.1481804500 8.549862459 24.50759673 32.49974023 35.35411394 98.98483179 114.2142318 130.9372134 164.2606957 181.6122502 193.4773221 198.7203198 206.4465876 216.5539183 217.9284315 234.5981732 247.4989639 256.7078716 266.9786100 283.2152306 284.7625732 293.9075719 305.5646614 328.5754394 338.0465952 421.3639091 450.0030433 467.1228432 486.2383400 496.2688915 546.7625631 552.9541653 563.5123291 571.6624800 589.1439566 618.2505627 634.2674559 660.7417641 664.8857060 699.3398987 701.6855369 704.8278743 775.3032190 824.9446365 842.9387775 849.5005652 898.9514691 905.0034868 992.8918839 1033.465661 1100.091161 1117.000855 1258.081291 1354.009904 1418.696206 1450.683169 1491.914404 1540.734957 1652.272266 1674.819344 1746.945345 1884.551408 1986.666448 2061.019584 2267.280518 2360.193476 2487.781062 2556.938978 2610.254899 2763.298656 2898.399989 3048.032859 3292.671980 3371.464124 3462.097513 3612.741330 3917.641433 3985.272028 4356.801039 4761.070438 4896.542253 5048.951239 5164.968073 5438.735853 5650.160054 6049.682012 6269.506152 6688.476077 7014.547372 7132.827735 7344.656253 8121.890829 8423.119053 9116.775719 9304.852969 10225.76186 10715.71742 11262.99599 12150.99563 12647.88775 13409.30123 14224.23428 14766.36934 15237.68774 16139.99933 16884.16312 18016.54365 18069.77446 18372.01138 20918.48997 21335.77168 21608.14637 22217.07812 24675.42031 26760.59791 27983.58398 29293.84566 29716.12554 32952.85129 34903.36379 36279.26000 39819.85689 40360.70708 41512.65688 43276.56875 48767.37650 53150.11474 54573.61888 70414.04819 85034.89857 96672.48156 109288.2804 117194.5558 224403.3835 670122.1966 21835918.01 83388668.10
