    unsorted:	 0.03743493993 0.03645690618 0.04003564705 0.04089745628 0.04298973183 0.03396620670 0.01253283316 0.005332911148 0.1484058055 145.6960209 135.8718684 132.0496567 120.5980199 116.4554982 160.0706394 180.6894966 185.8518530 98.16447009 203.9427617 85.74257956 225.4693307 245.2535305 247.6078030 262.5873325 275.3108851 283.4784871 66.97899881 33.95121429 37.55683861 30.00464953 315.3397042 329.8681258 382.8096051 386.1079529 443.1375762 455.9940783 469.1963582 475.2273071 508.6835718 521.7059471 557.1400914 578.0845813 655.0053321 634.3050598 705.2478089 712.2560036 754.3688486 795.9124810 835.0392194 868.2692337 915.1324687 957.6465643 990.7520235 1046.039917 1098.949236 1137.279239 1201.801124 1298.722967 1330.723609 1350.406461 1375.390784 1478.650739 1531.879991 1590.024416 1654.622425 1821.759601 1870.844106 2128.176249 2158.832877 2251.887535 2278.767774 2605.278938 2778.846644 2933.883773 2987.519518 3136.541236 3200.392671 3404.431652 3722.070928 3625.288484 3816.312146 4272.965014 4371.461487 4617.390573 4720.299565 4767.170629 4923.333997 5004.112946 5233.122217 5343.498971 5408.663164 5564.893314 6260.780143 6875.123292 7238.806489 7536.343370 7800.491435 8393.872817 8970.169674 9561.662407 10259.40688 10446.94133 11134.10809 11480.68255 12486.35097 12814.74950 14520.90010 15398.37599 15172.96357 16232.80134 17076.19622 17694.03979 18593.77998 19341.41465 19729.38267 19875.71774 21520.37727 22561.01668 22454.94244 25277.36893 29340.49079 29781.26772 30487.13874 31891.11552 35608.38198 37983.84531 39646.42648 42326.28498 47519.76610 49546.44784 50810.29588 71947.56139 83923.66331 100747.5567 104753.3061 108527.0456 224406.7095 425706.0691 7071949.499 25228777.59 246.7401103
      sorted:	 0.005332911148 0.01253283316 0.03396620670 0.03645690618 0.03743493993 0.04003564705 0.04089745628 0.04298973183 0.1484058055 30.00464953 33.95121429 37.55683861 66.97899881 85.74257956 98.16447009 116.4554982 120.5980199 132.0496567 135.8718684 145.6960209 160.0706394 180.6894966 185.8518530 203.9427617 225.4693307 245.2535305 246.7401103 247.6078030 262.5873325 275.3108851 283.4784871 315.3397042 329.8681258 382.8096051 386.1079529 443.1375762 455.9940783 469.1963582 475.2273071 508.6835718 521.7059471 557.1400914 578.0845813 634.3050598 655.0053321 705.2478089 712.2560036 754.3688486 795.9124810 835.0392194 868.2692337 915.1324687 957.6465643 990.7520235 1046.039917 1098.949236 1137.279239 1201.801124 1298.722967 1330.723609 1350.406461 1375.390784 1478.650739 1531.879991 1590.024416 1654.622425 1821.759601 1870.844106 2128.176249 2158.832877 2251.887535 2278.767774 2605.278938 2778.846644 2933.883773 2987.519518 3136.541236 3200.392671 3404.431652 3625.288484 3722.070928 3816.312146 4272.965014 4371.461487 4617.390573 4720.299565 4767.170629 4923.333997 5004.112946 5233.122217 5343.498971 5408.663164 5564.893314 6260.780143 6875.123292 7238.806489 7536.343370 7800.491435 8393.872817 8970.169674 9561.662407 10259.40688 10446.94133 11134.10809 11480.68255 12486.35097 12814.74950 14520.90010 15172.96357 15398.37599 16232.80134 17076.19622 17694.03979 18593.77998 19341.41465 19729.38267 19875.71774 21520.37727 22454.94244 22561.01668 25277.36893 29340.49079 29781.26772 30487.13874 31891.11552 35608.38198 37983.84531 39646.42648 42326.28498 47519.76610 49546.44784 50810.29588 71947.56139 83923.66331 100747.5567 104753.3061 108527.0456 224406.7095 425706.0691 7071949.499 25228777.59
