    unsorted:	 0.03889509112 0.03831549306 0.04076371519 0.04128706570 0.03997863565 0.04348704431 0.005227436196 0.005650732588 0.1482069434 8.464576564 211.7035157 206.2353725 228.1839840 230.7557398 196.4677573 185.6621801 248.3113381 262.5017455 282.6539527 285.1943236 314.6792720 321.6795798 325.2946309 338.1624753 348.1731811 156.8018285 117.7351086 119.5559439 98.70151833 32.06344045 33.60546084 35.26818192 37.71621586 406.5617023 416.7756541 451.5259516 469.7174487 488.2365034 495.7903648 503.9800161 533.5061203 572.9994883 597.7342342 633.8706105 644.6964728 672.0067405 707.4277900 706.0209722 721.0559394 783.8717410 788.0260311 821.7961424 859.0812162 898.7307424 933.0177062 937.9457747 1015.181711 1050.379250 1109.067300 1133.220924 1177.385787 1216.717684 1237.032567 1347.132158 1433.863350 1487.793080 1589.196577 1549.350980 1678.548772 1783.287443 1810.307172 1866.790290 2052.416880 2274.300974 2434.951927 2559.563823 2662.648860 2753.613505 2810.643854 3042.674129 3137.418676 3278.770642 3389.144980 3442.539121 3499.745827 3905.319491 4027.389985 4434.295287 5148.853673 4958.260765 5100.892377 5237.360628 5436.344811 5818.147970 6228.320793 6694.458826 6756.633357 7138.217394 7726.325562 8192.309410 8480.567182 8862.136675 9118.953171 9656.933658 10420.49839 10755.14650 11293.56477 12505.27378 12884.19818 13841.19889 14624.07921 15189.09780 15678.01688 16599.00181 17028.49582 18421.82632 18584.30416 18837.39654 21026.09506 21360.58517 21803.50853 22847.53499 23901.40107 26214.84727 27899.57948 28707.22436 29792.11575 32766.46480 35006.59706 37713.94465 38378.88106 40655.85541 42960.49623 43437.01229 47034.74090 55081.87908 55817.10489 72027.15281 81777.75454 99122.02648 112514.0966 119043.2449 244835.3993 689003.0737 3868891.743 51474979.45
      sorted:	 0.005227436196 0.005650732588 0.03831549306 0.03889509112 0.03997863565 0.04076371519 0.04128706570 0.04348704431 0.1482069434 8.464576564 32.06344045 33.60546084 35.26818192 37.71621586 98.70151833 117.7351086 119.5559439 156.8018285 185.6621801 196.4677573 206.2353725 211.7035157 228.1839840 230.7557398 248.3113381 262.5017455 282.6539527 285.1943236 314.6792720 321.6795798 325.2946309 338.1624753 348.1731811 406.5617023 416.7756541 451.5259516 469.7174487 488.2365034 495.7903648 503.9800161 533.5061203 572.9994883 597.7342342 633.8706105 644.6964728 672.0067405 706.0209722 707.4277900 721.0559394 783.8717410 788.0260311 821.7961424 859.0812162 898.7307424 933.0177062 937.9457747 1015.181711 1050.379250 1109.067300 1133.220924 1177.385787 1216.717684 1237.032567 1347.132158 1433.863350 1487.793080 1549.350980 1589.196577 1678.548772 1783.287443 1810.307172 1866.790290 2052.416880 2274.300974 2434.951927 2559.563823 2662.648860 2753.613505 2810.643854 3042.674129 3137.418676 3278.770642 3389.144980 3442.539121 3499.745827 3905.319491 4027.389985 4434.295287 4958.260765 5100.892377 5148.853673 5237.360628 5436.344811 5818.147970 6228.320793 6694.458826 6756.633357 7138.217394 7726.325562 8192.309410 8480.567182 8862.136675 9118.953171 9656.933658 10420.49839 10755.14650 11293.56477 12505.27378 12884.19818 13841.19889 14624.07921 15189.09780 15678.01688 16599.00181 17028.49582 18421.82632 18584.30416 18837.39654 21026.09506 21360.58517 21803.50853 22847.53499 23901.40107 26214.84727 27899.57948 28707.22436 29792.11575 32766.46480 35006.59706 37713.94465 38378.88106 40655.85541 42960.49623 43437.01229 47034.74090 55081.87908 55817.10489 72027.15281 81777.75454 99122.02648 112514.0966 119043.2449 244835.3993 689003.0737 3868891.743 51474979.45
