    unsorted:	 0.03710767908 0.03696974644 0.03776459831 0.03992814065 0.04111125470 0.03456355349 0.04243500446 0.005301782837 0.01249890302 0.1482754446 190.6769999 187.3134215 180.4406704 179.0208579 172.4361037 156.3730261 221.1362389 225.2831112 141.8777143 241.2645821 115.1201780 121.7027840 261.3186595 98.85275763 280.3726166 282.7036768 303.5621824 314.8600668 52.96391650 70.41477701 34.40971659 29.96351343 334.6856140 361.6881205 439.7861081 459.1941815 494.8331802 491.4572785 511.8750719 556.9231287 619.8981965 604.4778123 632.7465191 704.1004776 724.1294513 764.0939614 777.4888654 810.4349819 834.2557640 872.7834191 916.9892398 946.8730686 980.0565263 1000.845647 1037.369628 1098.853748 1157.132156 1277.709446 1334.960103 1390.327936 1495.380112 1537.622429 1622.250610 1710.157225 1761.126931 1893.470227 2164.187016 2209.099507 2294.980682 2299.656611 2454.516746 2701.537241 2826.934041 2987.489909 3061.843060 3178.117788 3457.463565 3770.019972 3951.972467 4148.355939 4302.680126 4428.821813 4544.129337 4877.779953 4908.363207 4930.101816 4967.976292 5117.056674 5297.487728 5266.321015 5537.096538 5836.224554 6505.019550 7154.805300 7638.648403 7826.176059 8091.926185 8756.421533 9390.340414 9693.663021 10004.19497 10951.76663 11127.19173 12987.75378 14620.71388 14721.08031 15301.05686 15637.28702 16168.34147 17321.25974 18001.36728 18418.02743 18996.21318 19471.90703 19783.03343 20450.50464 21591.49899 22124.46780 23876.36444 25686.21680 29703.82877 31653.52692 32199.04351 32660.71906 36552.61940 38488.70283 39942.09043 43150.84372 50540.33339 51670.37224 73068.52552 81353.20857 86697.80139 101230.6757 108573.2282 226670.9249 517788.2162 739738.6658 24062921.68 34015320.95
      sorted:	 0.005301782837 0.01249890302 0.03456355349 0.03696974644 0.03710767908 0.03776459831 0.03992814065 0.04111125470 0.04243500446 0.1482754446 29.96351343 34.40971659 52.96391650 70.41477701 98.85275763 115.1201780 121.7027840 141.8777143 156.3730261 172.4361037 179.0208579 180.4406704 187.3134215 190.6769999 221.1362389 225.2831112 241.2645821 261.3186595 280.3726166 282.7036768 303.5621824 314.8600668 334.6856140 361.6881205 439.7861081 459.1941815 491.4572785 494.8331802 511.8750719 556.9231287 604.4778123 619.8981965 632.7465191 704.1004776 724.1294513 764.0939614 777.4888654 810.4349819 834.2557640 872.7834191 916.9892398 946.8730686 980.0565263 1000.845647 1037.369628 1098.853748 1157.132156 1277.709446 1334.960103 1390.327936 1495.380112 1537.622429 1622.250610 1710.157225 1761.126931 1893.470227 2164.187016 2209.099507 2294.980682 2299.656611 2454.516746 2701.537241 2826.934041 2987.489909 3061.843060 3178.117788 3457.463565 3770.019972 3951.972467 4148.355939 4302.680126 4428.821813 4544.129337 4877.779953 4908.363207 4930.101816 4967.976292 5117.056674 5266.321015 5297.487728 5537.096538 5836.224554 6505.019550 7154.805300 7638.648403 7826.176059 8091.926185 8756.421533 9390.340414 9693.663021 10004.19497 10951.76663 11127.19173 12987.75378 14620.71388 14721.08031 15301.05686 15637.28702 16168.34147 17321.25974 18001.36728 18418.02743 18996.21318 19471.90703 19783.03343 20450.50464 21591.49899 22124.46780 23876.36444 25686.21680 29703.82877 31653.52692 32199.04351 32660.71906 36552.61940 38488.70283 39942.09043 43150.84372 50540.33339 51670.37224 73068.52552 81353.20857 86697.80139 101230.6757 108573.2282 226670.9249 517788.2162 739738.6658 24062921.68 34015320.95
