    unsorted:	 0.04334910178 0.04323311779 0.04135142520 0.03845695411 0.03942532916 0.03628040749 0.02645435561 0.005200724305 0.006765010395 0.1481072400 1.820724796 4.391590053 214.7669005 247.1476624 238.9424923 228.2160629 258.5719738 204.0666120 200.4602547 192.1459717 176.5876797 277.4921875 298.7771479 296.3064780 304.2433662 328.6991794 325.8127225 339.5746385 163.5354519 126.5293775 98.64397507 107.2623332 32.15312276 34.22458107 405.0242947 476.6553311 456.7956374 453.3763809 471.7002172 490.2522369 545.0185764 552.2628197 564.2660532 578.3219770 616.7496977 644.1800243 656.3050486 674.0354702 683.0783489 698.2726029 706.8851519 761.5906240 814.8068176 854.6972023 888.1409627 904.0098831 911.1121781 979.3469773 1027.882340 1097.841161 1102.319331 1186.271676 1258.992094 1360.784466 1429.876989 1462.863558 1543.119227 1625.133941 1687.177589 1731.867585 1928.306192 1938.071198 2158.279197 2243.092233 2327.540306 2448.065469 2565.331798 2718.124532 2903.569707 3033.953829 3293.970334 3361.001763 3459.797696 3512.787425 3828.770381 4012.115951 4426.474869 4829.447911 4814.604180 5040.284471 5159.493866 5422.448017 5764.276263 6143.249747 6559.120961 6661.060173 6965.488188 7157.458362 7342.050426 8129.402072 8407.298332 8872.430434 9538.309716 10133.62676 10516.97430 11371.97270 12267.35054 13033.61431 13429.42118 14646.28846 14775.63145 15531.39958 16424.84654 17719.68548 18105.40860 18316.78715 18623.40307 20424.84208 21330.67408 21537.56457 22087.31891 23643.77816 26004.13164 29634.38819 30142.11228 32795.29872 34741.11429 37051.36906 37435.36625 37653.30160 40094.09996 42844.88442 45327.83857 53309.05793 54661.28279 72942.16470 77686.71332 97270.99777 111293.3917 117454.6138 245354.4117 695940.1129 25730045.32 37675632.50
      sorted:	 0.005200724305 0.006765010395 0.02645435561 0.03628040749 0.03845695411 0.03942532916 0.04135142520 0.04323311779 0.04334910178 0.1481072400 1.820724796 4.391590053 32.15312276 34.22458107 98.64397507 107.2623332 126.5293775 163.5354519 176.5876797 192.1459717 200.4602547 204.0666120 214.7669005 228.2160629 238.9424923 247.1476624 258.5719738 277.4921875 296.3064780 298.7771479 304.2433662 325.8127225 328.6991794 339.5746385 405.0242947 453.3763809 456.7956374 471.7002172 476.6553311 490.2522369 545.0185764 552.2628197 564.2660532 578.3219770 616.7496977 644.1800243 656.3050486 674.0354702 683.0783489 698.2726029 706.8851519 761.5906240 814.8068176 854.6972023 888.1409627 904.0098831 911.1121781 979.3469773 1027.882340 1097.841161 1102.319331 1186.271676 1258.992094 1360.784466 1429.876989 1462.863558 1543.119227 1625.133941 1687.177589 1731.867585 1928.306192 1938.071198 2158.279197 2243.092233 2327.540306 2448.065469 2565.331798 2718.124532 2903.569707 3033.953829 3293.970334 3361.001763 3459.797696 3512.787425 3828.770381 4012.115951 4426.474869 4814.604180 4829.447911 5040.284471 5159.493866 5422.448017 5764.276263 6143.249747 6559.120961 6661.060173 6965.488188 7157.458362 7342.050426 8129.402072 8407.298332 8872.430434 9538.309716 10133.62676 10516.97430 11371.97270 12267.35054 13033.61431 13429.42118 14646.28846 14775.63145 15531.39958 16424.84654 17719.68548 18105.40860 18316.78715 18623.40307 20424.84208 21330.67408 21537.56457 22087.31891 23643.77816 26004.13164 29634.38819 30142.11228 32795.29872 34741.11429 37051.36906 37435.36625 37653.30160 40094.09996 42844.88442 45327.83857 53309.05793 54661.28279 72942.16470 77686.71332 97270.99777 111293.3917 117454.6138 245354.4117 695940.1129 25730045.32 37675632.50
