    unsorted:	 0.04361550102 0.03929038277 0.03939647254 0.03847722731 0.04137584277 0.04447843651 0.005406395640 0.004298176192 0.1466298584 189.6978556 195.9803284 203.5610249 213.0459797 226.1206061 241.3376458 262.7029296 277.3746944 292.8156113 321.3443745 354.4885454 352.0837001 380.0343377 387.2031818 399.6683838 405.4139434 447.2885535 461.3135133 479.0698910 496.8368086 509.8009295 515.5283946 145.6057570 131.9633299 115.1771736 99.53760485 97.66839301 8.571162036 32.10516934 34.98456031 42.49504095 574.4194726 599.1036437 640.3578540 641.6937677 711.2145829 701.9584613 719.7353183 740.2856317 755.1714799 794.6035838 865.8275147 903.9911958 935.2178905 943.4496669 972.1703768 999.9201603 1031.986730 1076.503525 1155.726778 1210.740252 1255.122947 1323.527254 1399.913482 1485.740244 1496.779982 1628.767447 1689.385540 1760.944469 1778.055235 1831.930762 1860.369473 2071.757027 2310.120663 2573.940842 2704.386248 2751.332452 2877.156131 2976.013588 3146.567244 3245.683601 3267.915083 3395.893204 3608.433862 3894.944898 4083.070823 4416.076232 4904.822061 5036.874576 5107.840275 5454.594178 5496.472027 5767.125442 5982.296513 6545.546892 6882.418109 7159.616769 7378.164582 8249.489161 8442.136212 9318.809630 9501.940641 9647.505476 9937.687165 10672.60165 10942.90817 11313.26120 12893.09616 13027.07246 13653.12710 15078.47851 15719.98092 16284.72812 17046.77310 18338.60049 18622.16332 18904.00109 19335.31721 21229.46949 21371.67553 21620.57564 23520.05635 24188.64618 26727.33192 29422.74358 30009.29386 33476.70872 35410.08644 38377.23722 38667.07709 39376.83513 43295.87228 44552.96727 47794.62240 55475.62520 57968.78550 72897.58655 81252.35501 100482.6075 113556.8216 120342.7883 253852.2778 698868.5639 18666085.65 41422787.32
      sorted:	 0.004298176192 0.005406395640 0.03847722731 0.03929038277 0.03939647254 0.04137584277 0.04361550102 0.04447843651 0.1466298584 8.571162036 32.10516934 34.98456031 42.49504095 97.66839301 99.53760485 115.1771736 131.9633299 145.6057570 189.6978556 195.9803284 203.5610249 213.0459797 226.1206061 241.3376458 262.7029296 277.3746944 292.8156113 321.3443745 352.0837001 354.4885454 380.0343377 387.2031818 399.6683838 405.4139434 447.2885535 461.3135133 479.0698910 496.8368086 509.8009295 515.5283946 574.4194726 599.1036437 640.3578540 641.6937677 701.9584613 711.2145829 719.7353183 740.2856317 755.1714799 794.6035838 865.8275147 903.9911958 935.2178905 943.4496669 972.1703768 999.9201603 1031.986730 1076.503525 1155.726778 1210.740252 1255.122947 1323.527254 1399.913482 1485.740244 1496.779982 1628.767447 1689.385540 1760.944469 1778.055235 1831.930762 1860.369473 2071.757027 2310.120663 2573.940842 2704.386248 2751.332452 2877.156131 2976.013588 3146.567244 3245.683601 3267.915083 3395.893204 3608.433862 3894.944898 4083.070823 4416.076232 4904.822061 5036.874576 5107.840275 5454.594178 5496.472027 5767.125442 5982.296513 6545.546892 6882.418109 7159.616769 7378.164582 8249.489161 8442.136212 9318.809630 9501.940641 9647.505476 9937.687165 10672.60165 10942.90817 11313.26120 12893.09616 13027.07246 13653.12710 15078.47851 15719.98092 16284.72812 17046.77310 18338.60049 18622.16332 18904.00109 19335.31721 21229.46949 21371.67553 21620.57564 23520.05635 24188.64618 26727.33192 29422.74358 30009.29386 33476.70872 35410.08644 38377.23722 38667.07709 39376.83513 43295.87228 44552.96727 47794.62240 55475.62520 57968.78550 72897.58655 81252.35501 100482.6075 113556.8216 120342.7883 253852.2778 698868.5639 18666085.65 41422787.32
