    unsorted:	 0.03894905670 0.03833484488 0.04063506318 0.03999979466 0.04133250120 0.04351653928 0.005442648179 0.004769700238 0.1481924366 1.907219892 32.07239082 31.45466463 34.39978533 35.80881934 212.8051406 213.8255266 207.7164980 196.6556892 185.2807060 231.7243557 248.1067836 262.3846317 287.1950055 286.0001830 325.5867293 318.3285235 331.9426859 341.7673148 352.6244283 155.9007556 119.2942019 117.2918267 98.70326367 406.0128970 416.2893659 451.9772477 469.2607600 488.9833582 497.6315794 507.1207525 533.9159746 574.2211229 598.2744930 633.1688768 643.2281792 702.8939382 705.6611668 682.5979744 723.0776208 782.9401081 789.8292186 831.6811531 861.6782665 902.6324002 936.4611240 943.1688176 1016.712917 1051.141299 1110.806018 1148.928069 1186.171480 1221.409782 1331.680716 1413.862259 1487.432405 1553.336803 1585.420938 1677.987669 1776.434757 1812.838726 1887.783226 2068.819473 2273.497386 2443.627530 2564.019694 2660.370642 2764.408840 2818.970095 3071.301761 3137.941374 3252.019372 3368.167926 3444.414874 3519.826903 3873.897273 4054.642347 4453.783611 4946.193033 5149.528456 5144.271222 5242.454445 5481.684584 5865.804722 6383.819491 6727.476414 7013.997867 7168.325435 7734.171473 8240.856205 8525.047818 8882.131374 9043.045512 9673.561945 10381.35080 10692.27381 11276.05896 12531.61980 12892.95525 13913.82301 14708.05695 15173.84585 15797.15931 16649.16311 18288.13207 18236.66413 18534.59159 18685.94183 20822.87616 21350.24901 21737.49737 23119.96350 23826.11033 26388.55957 28896.21128 29840.22977 32285.14751 34734.68865 37659.07354 37931.18146 38461.61104 42567.40983 42959.21298 45947.36548 55104.89276 55811.60995 72437.05463 79784.05197 99101.99618 112707.7421 119066.4916 246456.4273 695049.0421 3958016.224 41071079.46
      sorted:	 0.004769700238 0.005442648179 0.03833484488 0.03894905670 0.03999979466 0.04063506318 0.04133250120 0.04351653928 0.1481924366 1.907219892 31.45466463 32.07239082 34.39978533 35.80881934 98.70326367 117.2918267 119.2942019 155.9007556 185.2807060 196.6556892 207.7164980 212.8051406 213.8255266 231.7243557 248.1067836 262.3846317 286.0001830 287.1950055 318.3285235 325.5867293 331.9426859 341.7673148 352.6244283 406.0128970 416.2893659 451.9772477 469.2607600 488.9833582 497.6315794 507.1207525 533.9159746 574.2211229 598.2744930 633.1688768 643.2281792 682.5979744 702.8939382 705.6611668 723.0776208 782.9401081 789.8292186 831.6811531 861.6782665 902.6324002 936.4611240 943.1688176 1016.712917 1051.141299 1110.806018 1148.928069 1186.171480 1221.409782 1331.680716 1413.862259 1487.432405 1553.336803 1585.420938 1677.987669 1776.434757 1812.838726 1887.783226 2068.819473 2273.497386 2443.627530 2564.019694 2660.370642 2764.408840 2818.970095 3071.301761 3137.941374 3252.019372 3368.167926 3444.414874 3519.826903 3873.897273 4054.642347 4453.783611 4946.193033 5144.271222 5149.528456 5242.454445 5481.684584 5865.804722 6383.819491 6727.476414 7013.997867 7168.325435 7734.171473 8240.856205 8525.047818 8882.131374 9043.045512 9673.561945 10381.35080 10692.27381 11276.05896 12531.61980 12892.95525 13913.82301 14708.05695 15173.84585 15797.15931 16649.16311 18236.66413 18288.13207 18534.59159 18685.94183 20822.87616 21350.24901 21737.49737 23119.96350 23826.11033 26388.55957 28896.21128 29840.22977 32285.14751 34734.68865 37659.07354 37931.18146 38461.61104 42567.40983 42959.21298 45947.36548 55104.89276 55811.60995 72437.05463 79784.05197 99101.99618 112707.7421 119066.4916 246456.4273 695049.0421 3958016.224 41071079.46
