    unsorted:	 1.242943407e-006 7.598279218e-007 0.04361228444 0.03930513808 0.03947920280 0.04139690548 0.03837570577 0.04446035753 0.005418199758 0.004265453137 0.1466490797 355.0777910 354.0781803 379.6928919 387.5307857 399.8255407 405.8330460 321.7071647 447.0496902 461.5505603 479.4389450 497.0699697 510.5834984 516.2358515 292.6448519 278.2079645 261.9567518 241.1799903 226.1428997 212.9404538 202.4431912 189.8451920 196.1394222 144.3834640 131.8169756 114.5960486 99.21565871 96.86061126 8.585970178 32.06859558 34.93910760 42.42333882 576.2425146 601.4780002 636.5280097 641.9323916 711.7245849 700.0133353 719.3232743 755.8400559 742.6824868 797.8382791 866.2741709 906.6192387 935.5780911 945.0799556 972.7070932 1000.923873 1034.060400 1081.216278 1159.025271 1211.857194 1258.461322 1324.461804 1404.284265 1488.161497 1497.983693 1631.387654 1693.951028 1756.857969 1780.503841 1831.844650 1866.820320 2033.132998 2312.759371 2585.703406 2721.842359 2757.232921 2880.118777 2992.748339 3149.929396 3250.830080 3270.414411 3398.841348 3633.273571 3900.186269 4092.962647 4421.638010 4938.781134 5045.263463 5108.893613 5464.397456 5512.013557 5760.720291 5990.072165 6551.204580 6889.704050 7165.981517 7380.139857 8254.034310 8448.520167 9346.067794 9493.612339 9609.946348 9941.157546 10655.98136 10931.11996 11306.64436 12909.81120 12966.73382 13687.53629 15198.23296 15747.40149 16305.83143 17070.41875 18336.31409 18558.66972 18899.37694 19343.81858 21235.02178 21373.67887 21614.47548 23592.72191 24165.09671 26739.81994 29483.84435 29875.14658 33468.07512 35409.08362 38380.25443 38662.28765 39395.19494 43312.10386 44396.06578 47728.09184 55463.33095 58023.75370 72597.68431 81371.79931 100527.9949 113625.9674 120392.6703 254703.7011 696864.2644 18820455.70 41717075.70
      sorted:	 7.598279218e-007 1.242943407e-006 0.004265453137 0.005418199758 0.03837570577 0.03930513808 0.03947920280 0.04139690548 0.04361228444 0.04446035753 0.1466490797 8.585970178 32.06859558 34.93910760 42.42333882 96.86061126 99.21565871 114.5960486 131.8169756 144.3834640 189.8451920 196.1394222 202.4431912 212.9404538 226.1428997 241.1799903 261.9567518 278.2079645 292.6448519 321.7071647 354.0781803 355.0777910 379.6928919 387.5307857 399.8255407 405.8330460 447.0496902 461.5505603 479.4389450 497.0699697 510.5834984 516.2358515 576.2425146 601.4780002 636.5280097 641.9323916 700.0133353 711.7245849 719.3232743 742.6824868 755.8400559 797.8382791 866.2741709 906.6192387 935.5780911 945.0799556 972.7070932 1000.923873 1034.060400 1081.216278 1159.025271 1211.857194 1258.461322 1324.461804 1404.284265 1488.161497 1497.983693 1631.387654 1693.951028 1756.857969 1780.503841 1831.844650 1866.820320 2033.132998 2312.759371 2585.703406 2721.842359 2757.232921 2880.118777 2992.748339 3149.929396 3250.830080 3270.414411 3398.841348 3633.273571 3900.186269 4092.962647 4421.638010 4938.781134 5045.263463 5108.893613 5464.397456 5512.013557 5760.720291 5990.072165 6551.204580 6889.704050 7165.981517 7380.139857 8254.034310 8448.520167 9346.067794 9493.612339 9609.946348 9941.157546 10655.98136 10931.11996 11306.64436 12909.81120 12966.73382 13687.53629 15198.23296 15747.40149 16305.83143 17070.41875 18336.31409 18558.66972 18899.37694 19343.81858 21235.02178 21373.67887 21614.47548 23592.72191 24165.09671 26739.81994 29483.84435 29875.14658 33468.07512 35409.08362 38380.25443 38662.28765 39395.19494 43312.10386 44396.06578 47728.09184 55463.33095 58023.75370 72597.68431 81371.79931 100527.9949 113625.9674 120392.6703 254703.7011 696864.2644 18820455.70 41717075.70
