    unsorted:	 0.03846628551 0.03867118206 0.03631578456 0.03587756178 0.03513450439 0.04092474657 0.04302655600 0.005136509454 0.008314376946 0.1491590979 8.474157702 18.51945348 230.9033567 237.5449075 210.0994461 202.1178448 197.0509254 186.4754650 183.8239171 254.6860742 268.3340675 273.2515658 283.5983482 302.0654150 311.2544515 141.2137292 136.4040561 150.7211399 130.8493306 99.02098258 97.42156661 32.01749261 34.31795775 334.4535908 403.5126484 435.2808735 455.9932821 473.8727408 492.3900973 504.1556720 514.2125427 562.3475668 572.3726597 585.9770014 611.8935098 626.4855829 655.1665544 682.1228398 697.4211919 708.9345241 730.2155114 745.7394380 808.9869998 874.1369347 890.2820114 941.3149233 954.1687324 978.5921058 1043.637222 1056.713198 1083.265643 1134.423818 1172.369983 1256.867307 1404.269508 1450.919083 1521.507291 1584.624489 1644.872202 1699.695486 1742.579925 1861.600748 2133.712471 2206.982720 2312.394485 2572.825513 2682.033537 2757.291842 3047.382689 3113.429195 3209.454733 3336.896784 3488.399558 3548.525981 3860.630205 4040.878021 4290.775143 4540.928727 4791.530933 5225.994368 5092.014730 5434.291279 5610.973087 5918.782356 6041.810767 6323.254344 6618.600872 6749.169202 7244.808857 7700.721422 8181.947660 9197.353574 9320.845267 10045.03073 10351.24290 11391.22465 11960.09657 12749.22801 13429.16351 14547.84060 14877.96746 15606.14373 16559.10161 17530.89796 17754.54510 18142.81920 18308.45786 20314.61240 21151.37944 21374.55609 21695.69946 23169.48905 25715.46097 28390.27803 29724.61571 31591.74854 33906.81058 35013.37903 36475.50869 37162.49127 38941.41285 42991.07252 43891.09473 52370.53228 53423.71982 74312.79961 77271.74770 94199.84402 108145.1842 114381.4335 240139.6161 687583.5957 5998092.055 37009708.05
      sorted:	 0.005136509454 0.008314376946 0.03513450439 0.03587756178 0.03631578456 0.03846628551 0.03867118206 0.04092474657 0.04302655600 0.1491590979 8.474157702 18.51945348 32.01749261 34.31795775 97.42156661 99.02098258 130.8493306 136.4040561 141.2137292 150.7211399 183.8239171 186.4754650 197.0509254 202.1178448 210.0994461 230.9033567 237.5449075 254.6860742 268.3340675 273.2515658 283.5983482 302.0654150 311.2544515 334.4535908 403.5126484 435.2808735 455.9932821 473.8727408 492.3900973 504.1556720 514.2125427 562.3475668 572.3726597 585.9770014 611.8935098 626.4855829 655.1665544 682.1228398 697.4211919 708.9345241 730.2155114 745.7394380 808.9869998 874.1369347 890.2820114 941.3149233 954.1687324 978.5921058 1043.637222 1056.713198 1083.265643 1134.423818 1172.369983 1256.867307 1404.269508 1450.919083 1521.507291 1584.624489 1644.872202 1699.695486 1742.579925 1861.600748 2133.712471 2206.982720 2312.394485 2572.825513 2682.033537 2757.291842 3047.382689 3113.429195 3209.454733 3336.896784 3488.399558 3548.525981 3860.630205 4040.878021 4290.775143 4540.928727 4791.530933 5092.014730 5225.994368 5434.291279 5610.973087 5918.782356 6041.810767 6323.254344 6618.600872 6749.169202 7244.808857 7700.721422 8181.947660 9197.353574 9320.845267 10045.03073 10351.24290 11391.22465 11960.09657 12749.22801 13429.16351 14547.84060 14877.96746 15606.14373 16559.10161 17530.89796 17754.54510 18142.81920 18308.45786 20314.61240 21151.37944 21374.55609 21695.69946 23169.48905 25715.46097 28390.27803 29724.61571 31591.74854 33906.81058 35013.37903 36475.50869 37162.49127 38941.41285 42991.07252 43891.09473 52370.53228 53423.71982 74312.79961 77271.74770 94199.84402 108145.1842 114381.4335 240139.6161 687583.5957 5998092.055 37009708.05
