    unsorted:	 0.03772307154 0.03991956114 0.04120297261 0.04245223293 0.03688706266 0.03478695965 0.005293338803 0.01258107219 0.1482186877 17.86342557 189.9382476 188.6395530 200.0031876 176.7964325 171.2407759 221.2406303 223.7317781 239.1064490 149.3772934 142.2846327 111.4089069 123.9616279 98.59948898 263.4300165 50.53955225 29.90674872 34.72642961 19.50441844 71.81493184 280.3692443 282.2876083 301.6411902 311.6607977 336.5809364 359.6434499 443.4034594 459.6758271 485.1709182 497.8280016 505.7897257 551.2791340 622.0216269 602.6292066 627.1903450 717.3688310 731.8173807 747.7301214 774.6385220 803.3159127 820.6273166 866.7359645 891.7158196 919.4580608 954.8510456 983.2044519 1009.849300 1050.008824 1093.701176 1133.917245 1262.392163 1304.696235 1352.920067 1373.151573 1480.458085 1531.432428 1626.666846 1672.093500 1754.573840 1868.692988 2151.746592 2188.858597 2249.946681 2275.243264 2471.150533 2654.663431 2782.929866 2932.288079 3039.891848 3199.146594 3457.025464 3660.300554 3867.554889 4117.499566 4267.685371 4388.467144 4494.282358 4880.147526 4871.831215 4901.608299 4928.861880 5011.957505 5124.458090 5292.491016 5340.639102 5572.190140 6350.634872 6829.571431 7196.455605 7679.928976 7995.372351 8651.237294 9257.289981 9518.219436 10237.28075 10622.75736 11147.92716 11902.71304 13560.83428 14627.44955 14675.69504 15414.37045 15576.83261 15773.12310 16571.07896 18144.07655 18741.22051 19585.93271 20222.31271 20136.92047 21649.80284 22126.06660 23560.50063 24401.15939 25936.57702 30281.78719 30558.16709 31698.32604 32362.84462 34012.69498 36417.49521 39200.57365 41192.56907 43219.26508 50554.57440 51570.90965 74769.86498 81288.89954 87222.10133 101320.9969 109763.0354 224694.4672 740479.4619 6927887.594 37433986.51
      sorted:	 0.005293338803 0.01258107219 0.03478695965 0.03688706266 0.03772307154 0.03991956114 0.04120297261 0.04245223293 0.1482186877 17.86342557 19.50441844 29.90674872 34.72642961 50.53955225 71.81493184 98.59948898 111.4089069 123.9616279 142.2846327 149.3772934 171.2407759 176.7964325 188.6395530 189.9382476 200.0031876 221.2406303 223.7317781 239.1064490 263.4300165 280.3692443 282.2876083 301.6411902 311.6607977 336.5809364 359.6434499 443.4034594 459.6758271 485.1709182 497.8280016 505.7897257 551.2791340 602.6292066 622.0216269 627.1903450 717.3688310 731.8173807 747.7301214 774.6385220 803.3159127 820.6273166 866.7359645 891.7158196 919.4580608 954.8510456 983.2044519 1009.849300 1050.008824 1093.701176 1133.917245 1262.392163 1304.696235 1352.920067 1373.151573 1480.458085 1531.432428 1626.666846 1672.093500 1754.573840 1868.692988 2151.746592 2188.858597 2249.946681 2275.243264 2471.150533 2654.663431 2782.929866 2932.288079 3039.891848 3199.146594 3457.025464 3660.300554 3867.554889 4117.499566 4267.685371 4388.467144 4494.282358 4871.831215 4880.147526 4901.608299 4928.861880 5011.957505 5124.458090 5292.491016 5340.639102 5572.190140 6350.634872 6829.571431 7196.455605 7679.928976 7995.372351 8651.237294 9257.289981 9518.219436 10237.28075 10622.75736 11147.92716 11902.71304 13560.83428 14627.44955 14675.69504 15414.37045 15576.83261 15773.12310 16571.07896 18144.07655 18741.22051 19585.93271 20136.92047 20222.31271 21649.80284 22126.06660 23560.50063 24401.15939 25936.57702 30281.78719 30558.16709 31698.32604 32362.84462 34012.69498 36417.49521 39200.57365 41192.56907 43219.26508 50554.57440 51570.90965 74769.86498 81288.89954 87222.10133 101320.9969 109763.0354 224694.4672 740479.4619 6927887.594 37433986.51
