    unsorted:	 0.03928904722 0.03942309857 0.03850008275 0.04133049551 0.04360276724 0.04454142545 0.005419274392 0.004390854476 0.1466881243 8.610298127 35.15735380 32.08806435 44.15865664 189.6829750 195.7125169 201.9046839 231.9234748 225.5347378 241.8330620 263.6905800 274.9099752 291.9928178 133.0869896 142.3854960 114.3873992 102.1792732 98.49767239 319.6544748 345.9807353 352.0214717 378.6258046 387.0449033 395.4830252 404.8114848 446.0111968 460.5279350 478.0310742 483.7552424 506.8374886 514.8164603 576.8897321 603.2837942 638.3557049 642.1422636 711.9799132 718.5873674 687.2107105 745.2760109 756.8794701 800.5290560 860.1265169 909.3413845 928.0606359 945.8674354 969.0650545 995.1442884 1033.804036 1085.662706 1159.577901 1177.999001 1241.488594 1291.723358 1326.037380 1407.574594 1490.664592 1515.658897 1634.096536 1692.818943 1761.906096 1756.106609 1838.787823 1871.462144 2019.877394 2312.873032 2590.060178 2741.134387 2756.393719 2870.367048 3001.751104 3125.064977 3256.596098 3305.611933 3411.746196 3684.396736 3915.715305 4065.345967 4402.459993 4945.548972 5044.843739 5110.066109 5326.982646 5484.879414 5744.281524 5951.429419 6408.060275 6847.067496 6991.709766 7186.601561 8243.754684 8402.503742 9363.706532 9473.797468 9598.676366 9916.969207 10658.57061 10994.96221 11311.32618 12822.22072 12969.14611 13634.80779 15179.36002 15719.99196 16168.37657 17055.95610 17855.27026 18473.02011 18824.19273 19154.07451 21249.72882 21390.16908 21634.96059 23365.53901 24226.02925 26621.54238 28786.84227 29587.11082 29863.08283 33827.67040 35541.17614 38500.32000 38981.62866 41559.09980 43456.10688 45163.53623 48637.53305 55534.34469 58039.33878 72202.47436 82911.75051 100465.1789 113522.1165 120456.0966 252730.2625 690514.3066 18155699.16 52971834.61
      sorted:	 0.004390854476 0.005419274392 0.03850008275 0.03928904722 0.03942309857 0.04133049551 0.04360276724 0.04454142545 0.1466881243 8.610298127 32.08806435 35.15735380 44.15865664 98.49767239 102.1792732 114.3873992 133.0869896 142.3854960 189.6829750 195.7125169 201.9046839 225.5347378 231.9234748 241.8330620 263.6905800 274.9099752 291.9928178 319.6544748 345.9807353 352.0214717 378.6258046 387.0449033 395.4830252 404.8114848 446.0111968 460.5279350 478.0310742 483.7552424 506.8374886 514.8164603 576.8897321 603.2837942 638.3557049 642.1422636 687.2107105 711.9799132 718.5873674 745.2760109 756.8794701 800.5290560 860.1265169 909.3413845 928.0606359 945.8674354 969.0650545 995.1442884 1033.804036 1085.662706 1159.577901 1177.999001 1241.488594 1291.723358 1326.037380 1407.574594 1490.664592 1515.658897 1634.096536 1692.818943 1756.106609 1761.906096 1838.787823 1871.462144 2019.877394 2312.873032 2590.060178 2741.134387 2756.393719 2870.367048 3001.751104 3125.064977 3256.596098 3305.611933 3411.746196 3684.396736 3915.715305 4065.345967 4402.459993 4945.548972 5044.843739 5110.066109 5326.982646 5484.879414 5744.281524 5951.429419 6408.060275 6847.067496 6991.709766 7186.601561 8243.754684 8402.503742 9363.706532 9473.797468 9598.676366 9916.969207 10658.57061 10994.96221 11311.32618 12822.22072 12969.14611 13634.80779 15179.36002 15719.99196 16168.37657 17055.95610 17855.27026 18473.02011 18824.19273 19154.07451 21249.72882 21390.16908 21634.96059 23365.53901 24226.02925 26621.54238 28786.84227 29587.11082 29863.08283 33827.67040 35541.17614 38500.32000 38981.62866 41559.09980 43456.10688 45163.53623 48637.53305 55534.34469 58039.33878 72202.47436 82911.75051 100465.1789 113522.1165 120456.0966 252730.2625 690514.3066 18155699.16 52971834.61
