    unsorted:	 2096.686007 2096.686007 2096.686007 2096.686007 2096.686007 0.009806388097 0.01046417496 0.01054773053 0.01345130486 0.01527881543 0.006265855744 0.01895859359 0.002329022378 -0.009561850797 0.09309176420 0.9765758049 1.139094497 0.8231247067 0.9586932529 5.877674547 4659.496722 4659.493697 4659.507961 4659.516749 4659.533264 4660.211831 4661.704931 245.6785985 246.0745395 243.9023101 123.3700554 246.7349984 385.5576679 511.7879222 808.9585251 1712.815928 873.2055505 901.9621032 3049.804802 2233.255790 2306.424448 1292.896154 1480.370415 2458.477094 2620.331726 3006.811089 3229.891419 3550.031665 3589.205601 3900.578639 4062.690118 4484.462710 4868.385802 5877.618441 5541.675938 5933.540356 6161.238063 6281.135429 6495.858450 6693.270160 7040.137183 7134.611937 7262.689300 7502.622461 -1329.953067 7777.893688 7977.194721 -1651.379253 8582.786075 8955.570861 9282.492887 9786.290570 10029.96995 11042.17215 11441.57471 11758.50247 12893.23327 13258.90205 14115.13864 14689.56043 15114.32276 15473.01128 15885.33265 -5069.028973 16352.74443 16792.35514 19888.10691 17866.77649 18105.68382 -8731.472917 19194.68681 20046.21217 20322.85896 21173.46841 -12211.26693 21920.25448 22255.88725 22866.45380 -67704.52739 -67704.52739 -67704.52739 -67704.52739 -67704.52739 -67704.52739 -67704.52739 -67704.52739 -21476.80497 -21476.80449 -21476.80436 -21476.80539 -21476.83522 -21476.91413 24011.76946 24532.26914 -14174.08942 -18703.80703 -16457.31874 27099.67834 27676.41303 -26231.33140 31235.66872 31727.70231 32179.93574 35240.93756 35579.51063 -31132.83537 -38315.22899 -41028.52348 41619.07467 42468.80924 -50986.01626 49202.44106 -101248.3666 -101248.3666 -144525.9516 -97054.83101 -112497.1823 92739.02588 -220298.7019 -142662.2103 -224661.2510 -257583.5355 -492323.2949 350215.3440
      sorted:	 -492323.2949 -257583.5355 -224661.2510 -220298.7019 -144525.9516 -142662.2103 -112497.1823 -101248.3666 -101248.3666 -97054.83101 -67704.52739 -67704.52739 -67704.52739 -67704.52739 -67704.52739 -67704.52739 -67704.52739 -67704.52739 -50986.01626 -41028.52348 -38315.22899 -31132.83537 -26231.33140 -21476.91413 -21476.83522 -21476.80539 -21476.80497 -21476.80449 -21476.80436 -18703.80703 -16457.31874 -14174.08942 -12211.26693 -8731.472917 -5069.028973 -1651.379253 -1329.953067 -0.009561850797 0.002329022378 0.006265855744 0.009806388097 0.01046417496 0.01054773053 0.01345130486 0.01527881543 0.01895859359 0.09309176420 0.8231247067 0.9586932529 0.9765758049 1.139094497 5.877674547 123.3700554 243.9023101 245.6785985 246.0745395 246.7349984 385.5576679 511.7879222 808.9585251 873.2055505 901.9621032 1292.896154 1480.370415 1712.815928 2096.686007 2096.686007 2096.686007 2096.686007 2096.686007 2233.255790 2306.424448 2458.477094 2620.331726 3006.811089 3049.804802 3229.891419 3550.031665 3589.205601 3900.578639 4062.690118 4484.462710 4659.493697 4659.496722 4659.507961 4659.516749 4659.533264 4660.211831 4661.704931 4868.385802 5541.675938 5877.618441 5933.540356 6161.238063 6281.135429 6495.858450 6693.270160 7040.137183 7134.611937 7262.689300 7502.622461 7777.893688 7977.194721 8582.786075 8955.570861 9282.492887 9786.290570 10029.96995 11042.17215 11441.57471 11758.50247 12893.23327 13258.90205 14115.13864 14689.56043 15114.32276 15473.01128 15885.33265 16352.74443 16792.35514 17866.77649 18105.68382 19194.68681 19888.10691 20046.21217 20322.85896 21173.46841 21920.25448 22255.88725 22866.45380 24011.76946 24532.26914 27099.67834 27676.41303 31235.66872 31727.70231 32179.93574 35240.93756 35579.51063 41619.07467 42468.80924 49202.44106 92739.02588 350215.3440
