    unsorted:	 0.03856354178 0.03885200910 0.04083637012 0.04151181304 0.03622024748 0.03616983185 0.04295427272 0.005100849609 0.008825312249 0.1492577442 8.546508550 15.92370813 231.6336862 227.3332427 238.5659010 210.6447730 197.7876580 186.6042892 183.8951734 255.8331293 266.8133629 271.7235127 281.8432415 299.9630442 140.5193165 134.7947765 131.6259740 149.0145078 308.9259279 99.15120779 97.69452693 32.00965328 34.25209481 335.2552874 404.3179035 447.0882044 455.6358240 474.1116944 507.8082512 494.4693495 516.0394658 563.9274274 574.8894246 591.0547017 619.4097204 628.3418217 650.5308280 677.5068322 685.5937470 710.9473569 735.4373683 754.8349128 821.1144740 896.0883539 873.7089754 946.5541523 956.3003924 971.6072987 1038.011001 1054.033152 1070.775700 1106.920835 1149.934717 1197.291915 1299.336230 1421.777741 1453.305078 1524.047522 1598.179722 1634.304258 1707.748162 1747.297768 1884.422107 2139.672807 2215.291830 2324.147418 2601.643996 2727.954274 2797.570349 3030.293417 3152.567585 3273.450498 3361.038721 3546.338143 3582.733157 3882.538784 4074.324291 4282.200331 4541.575369 4807.750244 5117.782577 5229.225444 5345.476613 5606.658816 5801.989889 6007.667751 6081.276999 6620.514115 6743.599922 7261.775627 7553.644730 8205.311548 9287.512810 9317.859519 10091.81948 10333.74491 11373.81719 12044.40374 12717.69714 13549.22059 14686.86543 14785.16781 15567.53684 16068.62048 16713.96512 17485.34140 18132.95866 18576.58646 20317.79800 21106.85748 21333.10698 21550.83174 22871.50588 25214.52236 26298.26141 28773.72065 29751.14735 32601.96603 34366.50763 36356.68944 37379.87335 37639.99598 39815.44806 43134.04676 44417.15221 52573.33244 53357.48281 74614.08418 78160.84426 94047.96280 107831.3015 114406.3735 241462.8823 685699.5453 28658430.20 44952500.70
      sorted:	 0.005100849609 0.008825312249 0.03616983185 0.03622024748 0.03856354178 0.03885200910 0.04083637012 0.04151181304 0.04295427272 0.1492577442 8.546508550 15.92370813 32.00965328 34.25209481 97.69452693 99.15120779 131.6259740 134.7947765 140.5193165 149.0145078 183.8951734 186.6042892 197.7876580 210.6447730 227.3332427 231.6336862 238.5659010 255.8331293 266.8133629 271.7235127 281.8432415 299.9630442 308.9259279 335.2552874 404.3179035 447.0882044 455.6358240 474.1116944 494.4693495 507.8082512 516.0394658 563.9274274 574.8894246 591.0547017 619.4097204 628.3418217 650.5308280 677.5068322 685.5937470 710.9473569 735.4373683 754.8349128 821.1144740 873.7089754 896.0883539 946.5541523 956.3003924 971.6072987 1038.011001 1054.033152 1070.775700 1106.920835 1149.934717 1197.291915 1299.336230 1421.777741 1453.305078 1524.047522 1598.179722 1634.304258 1707.748162 1747.297768 1884.422107 2139.672807 2215.291830 2324.147418 2601.643996 2727.954274 2797.570349 3030.293417 3152.567585 3273.450498 3361.038721 3546.338143 3582.733157 3882.538784 4074.324291 4282.200331 4541.575369 4807.750244 5117.782577 5229.225444 5345.476613 5606.658816 5801.989889 6007.667751 6081.276999 6620.514115 6743.599922 7261.775627 7553.644730 8205.311548 9287.512810 9317.859519 10091.81948 10333.74491 11373.81719 12044.40374 12717.69714 13549.22059 14686.86543 14785.16781 15567.53684 16068.62048 16713.96512 17485.34140 18132.95866 18576.58646 20317.79800 21106.85748 21333.10698 21550.83174 22871.50588 25214.52236 26298.26141 28773.72065 29751.14735 32601.96603 34366.50763 36356.68944 37379.87335 37639.99598 39815.44806 43134.04676 44417.15221 52573.33244 53357.48281 74614.08418 78160.84426 94047.96280 107831.3015 114406.3735 241462.8823 685699.5453 28658430.20 44952500.70
