    unsorted:	 0.03713340024 0.03700915494 0.03769475631 0.03997643806 0.04110576653 0.03452003154 0.04255819601 0.005300449628 0.01248962754 0.1482413574 188.3638192 190.0337695 178.8303311 179.5938479 172.4016493 221.4111465 223.6211538 238.8710350 150.2239396 142.7040579 111.0716081 123.2172977 98.57248343 262.7264265 281.5767711 280.8029222 303.6190938 314.7195328 52.97122214 70.93553307 17.90118553 29.89110463 34.43762764 336.4092416 361.1738608 444.1396488 459.7378272 488.8931393 497.9862391 508.9558684 553.3202859 618.3630012 602.7817700 632.6805453 696.7907895 718.8702661 756.6237680 776.2324950 809.1382204 824.7883932 871.1976362 912.9188941 946.5995516 965.5556622 989.4017618 1029.745400 1092.482633 1139.101209 1265.251626 1316.057243 1374.340110 1482.731185 1530.270866 1618.546163 1680.882104 1756.803152 1877.507073 2156.600425 2206.364160 2264.117229 2282.509928 2447.493249 2671.032435 2827.071876 2973.563819 3057.594204 3175.465984 3465.380622 3761.988878 3902.025023 4145.002791 4295.634193 4435.298853 4542.955737 4897.768508 4877.906721 4911.494046 4947.399024 5045.021428 5294.095466 5275.027282 5522.531364 5826.199710 6497.465001 7185.625450 7639.642121 7796.587360 8125.769867 8766.833781 9406.682958 9733.231046 10185.69015 10991.37265 11181.75291 12974.75620 14621.96326 14737.08473 15286.57215 15627.53761 16366.79320 17304.53023 18049.25609 18428.88541 19039.38634 19520.87228 20025.99795 20440.67182 21639.24532 22127.84482 24018.75256 25794.20942 30067.06623 31655.46370 32245.95526 32623.87577 36875.26279 38817.96163 40277.35689 43151.41449 50516.96497 51608.31480 73464.56553 81493.63939 87025.94779 101330.4290 108536.8042 226481.8164 740106.2956 23700990.17 33937495.40
      sorted:	 0.005300449628 0.01248962754 0.03452003154 0.03700915494 0.03713340024 0.03769475631 0.03997643806 0.04110576653 0.04255819601 0.1482413574 17.90118553 29.89110463 34.43762764 52.97122214 70.93553307 98.57248343 111.0716081 123.2172977 142.7040579 150.2239396 172.4016493 178.8303311 179.5938479 188.3638192 190.0337695 221.4111465 223.6211538 238.8710350 262.7264265 280.8029222 281.5767711 303.6190938 314.7195328 336.4092416 361.1738608 444.1396488 459.7378272 488.8931393 497.9862391 508.9558684 553.3202859 602.7817700 618.3630012 632.6805453 696.7907895 718.8702661 756.6237680 776.2324950 809.1382204 824.7883932 871.1976362 912.9188941 946.5995516 965.5556622 989.4017618 1029.745400 1092.482633 1139.101209 1265.251626 1316.057243 1374.340110 1482.731185 1530.270866 1618.546163 1680.882104 1756.803152 1877.507073 2156.600425 2206.364160 2264.117229 2282.509928 2447.493249 2671.032435 2827.071876 2973.563819 3057.594204 3175.465984 3465.380622 3761.988878 3902.025023 4145.002791 4295.634193 4435.298853 4542.955737 4877.906721 4897.768508 4911.494046 4947.399024 5045.021428 5275.027282 5294.095466 5522.531364 5826.199710 6497.465001 7185.625450 7639.642121 7796.587360 8125.769867 8766.833781 9406.682958 9733.231046 10185.69015 10991.37265 11181.75291 12974.75620 14621.96326 14737.08473 15286.57215 15627.53761 16366.79320 17304.53023 18049.25609 18428.88541 19039.38634 19520.87228 20025.99795 20440.67182 21639.24532 22127.84482 24018.75256 25794.20942 30067.06623 31655.46370 32245.95526 32623.87577 36875.26279 38817.96163 40277.35689 43151.41449 50516.96497 51608.31480 73464.56553 81493.63939 87025.94779 101330.4290 108536.8042 226481.8164 740106.2956 23700990.17 33937495.40
