    unsorted:	 0.04348641793 0.04367837867 0.04134775552 0.03898789906 0.04009283519 0.03793599236 0.005459177821 0.004908521074 0.1482118296 210.5630734 212.9696235 207.4780651 196.8643106 229.5671227 247.4563265 186.1697444 259.1757751 286.5529536 284.9850802 323.7987547 318.3430774 330.3522666 342.7178070 350.8694987 159.4380334 406.9467898 417.0842716 452.8206595 470.0347587 476.9302916 492.1278187 503.2321654 119.0186534 115.7935677 98.63433239 8.460403780 34.88295821 32.15411876 28.72967035 15.49543192 539.7873527 574.9156357 598.9494961 634.3250097 644.0313994 682.5570911 707.4102855 702.7962446 721.5236974 785.1806344 789.0874374 827.1277212 856.0261309 899.2344896 934.2393878 950.6408495 1015.575528 1050.685348 1111.571657 1151.364068 1190.256784 1222.118442 1341.276527 1424.981129 1494.477670 1542.458535 1664.661216 1747.150339 1807.871989 1868.149292 1988.712563 2273.249985 2428.154815 2550.398062 2655.815738 2748.258464 2816.586130 3093.872152 3132.602791 3249.737515 3346.554117 3440.873243 3471.907067 3906.282192 4070.847797 4474.813494 4942.087770 5148.955060 5114.263209 5201.537864 5496.237892 5866.770334 6367.414949 6713.222251 7147.586544 7561.794631 7774.199700 8217.884311 8560.392293 9086.822120 9488.187994 9816.944953 10396.09860 10709.38484 11333.23956 12638.82862 12926.85764 13915.69466 14837.15844 15770.24931 16660.19382 17860.69433 18188.39241 18253.86773 18595.06493 19250.37763 20808.73984 21343.86792 21709.51638 22798.44404 23548.10983 26397.63341 29325.61205 30435.65931 34103.27595 36256.76115 37655.03645 38052.82090 41806.29149 43061.76654 45379.45367 54854.12504 55714.46678 71225.53656 79407.13716 98924.25228 112356.0652 116481.1612 250465.5649 684719.8662 23170432.11 30161777.93
      sorted:	 0.004908521074 0.005459177821 0.03793599236 0.03898789906 0.04009283519 0.04134775552 0.04348641793 0.04367837867 0.1482118296 8.460403780 15.49543192 28.72967035 32.15411876 34.88295821 98.63433239 115.7935677 119.0186534 159.4380334 186.1697444 196.8643106 207.4780651 210.5630734 212.9696235 229.5671227 247.4563265 259.1757751 284.9850802 286.5529536 318.3430774 323.7987547 330.3522666 342.7178070 350.8694987 406.9467898 417.0842716 452.8206595 470.0347587 476.9302916 492.1278187 503.2321654 539.7873527 574.9156357 598.9494961 634.3250097 644.0313994 682.5570911 702.7962446 707.4102855 721.5236974 785.1806344 789.0874374 827.1277212 856.0261309 899.2344896 934.2393878 950.6408495 1015.575528 1050.685348 1111.571657 1151.364068 1190.256784 1222.118442 1341.276527 1424.981129 1494.477670 1542.458535 1664.661216 1747.150339 1807.871989 1868.149292 1988.712563 2273.249985 2428.154815 2550.398062 2655.815738 2748.258464 2816.586130 3093.872152 3132.602791 3249.737515 3346.554117 3440.873243 3471.907067 3906.282192 4070.847797 4474.813494 4942.087770 5114.263209 5148.955060 5201.537864 5496.237892 5866.770334 6367.414949 6713.222251 7147.586544 7561.794631 7774.199700 8217.884311 8560.392293 9086.822120 9488.187994 9816.944953 10396.09860 10709.38484 11333.23956 12638.82862 12926.85764 13915.69466 14837.15844 15770.24931 16660.19382 17860.69433 18188.39241 18253.86773 18595.06493 19250.37763 20808.73984 21343.86792 21709.51638 22798.44404 23548.10983 26397.63341 29325.61205 30435.65931 34103.27595 36256.76115 37655.03645 38052.82090 41806.29149 43061.76654 45379.45367 54854.12504 55714.46678 71225.53656 79407.13716 98924.25228 112356.0652 116481.1612 250465.5649 684719.8662 23170432.11 30161777.93
