    unsorted:	 0.03890041203 0.04098493403 0.04003095703 0.04257592268 0.03722424569 0.04402584853 0.005135934037 0.01184066363 0.1483163701 217.8073456 221.5316054 212.5988104 229.7524747 200.6267960 250.5545475 255.6213669 189.3550306 270.9902797 289.8217098 303.8994383 321.2112038 335.5775993 342.8987813 155.3966945 123.7227873 131.5929995 99.01682065 8.629491119 32.48214245 35.44692882 27.75750529 41.48600588 76.63665439 409.9584690 425.7728119 448.9018416 474.9587558 497.7013877 508.0394719 526.3803255 547.7665585 575.5995582 607.2261214 641.0576934 659.5297312 666.3631879 707.9433768 717.9593159 733.1158263 789.2880291 791.1540203 800.4834216 860.7959864 889.8281217 888.8801883 936.0362299 1017.584196 1061.032328 1115.079325 1138.984649 1186.957972 1203.118430 1350.607877 1414.758327 1480.947842 1549.108728 1577.650733 1702.308790 1743.994084 1809.899764 1833.410735 2029.467660 2294.731311 2466.139138 2571.798296 2602.425173 2672.033920 2819.617413 2846.935262 2997.797072 3175.045446 3266.497486 3484.698360 3509.867139 3657.285388 3926.847724 4049.940227 4397.897492 4948.971914 5153.018863 5045.942749 5181.802129 5420.689969 5590.733811 6246.587592 6586.756868 6800.102450 7098.913767 7619.419687 8283.535637 8553.978126 9013.041380 9269.624269 9608.526463 10531.22399 10886.73552 11254.55286 12445.03990 12805.30962 13443.86391 14481.50382 15053.26522 15500.68433 16656.12101 17043.20097 18395.23047 18329.48557 18682.17731 21158.45646 21347.16477 21660.51098 22972.72456 24989.50769 27171.43604 28878.94535 29247.21564 29678.82526 33544.25671 35119.19224 37093.29801 40229.60507 41248.32495 43199.92499 44699.05905 48954.50516 54785.69888 55763.56786 71271.75573 86141.48271 98313.56164 110779.4370 118691.4960 229639.9496 679683.9840 19715515.83 85148635.98
      sorted:	 0.005135934037 0.01184066363 0.03722424569 0.03890041203 0.04003095703 0.04098493403 0.04257592268 0.04402584853 0.1483163701 8.629491119 27.75750529 32.48214245 35.44692882 41.48600588 76.63665439 99.01682065 123.7227873 131.5929995 155.3966945 189.3550306 200.6267960 212.5988104 217.8073456 221.5316054 229.7524747 250.5545475 255.6213669 270.9902797 289.8217098 303.8994383 321.2112038 335.5775993 342.8987813 409.9584690 425.7728119 448.9018416 474.9587558 497.7013877 508.0394719 526.3803255 547.7665585 575.5995582 607.2261214 641.0576934 659.5297312 666.3631879 707.9433768 717.9593159 733.1158263 789.2880291 791.1540203 800.4834216 860.7959864 888.8801883 889.8281217 936.0362299 1017.584196 1061.032328 1115.079325 1138.984649 1186.957972 1203.118430 1350.607877 1414.758327 1480.947842 1549.108728 1577.650733 1702.308790 1743.994084 1809.899764 1833.410735 2029.467660 2294.731311 2466.139138 2571.798296 2602.425173 2672.033920 2819.617413 2846.935262 2997.797072 3175.045446 3266.497486 3484.698360 3509.867139 3657.285388 3926.847724 4049.940227 4397.897492 4948.971914 5045.942749 5153.018863 5181.802129 5420.689969 5590.733811 6246.587592 6586.756868 6800.102450 7098.913767 7619.419687 8283.535637 8553.978126 9013.041380 9269.624269 9608.526463 10531.22399 10886.73552 11254.55286 12445.03990 12805.30962 13443.86391 14481.50382 15053.26522 15500.68433 16656.12101 17043.20097 18329.48557 18395.23047 18682.17731 21158.45646 21347.16477 21660.51098 22972.72456 24989.50769 27171.43604 28878.94535 29247.21564 29678.82526 33544.25671 35119.19224 37093.29801 40229.60507 41248.32495 43199.92499 44699.05905 48954.50516 54785.69888 55763.56786 71271.75573 86141.48271 98313.56164 110779.4370 118691.4960 229639.9496 679683.9840 19715515.83 85148635.98
