    unsorted:	 0.03780170934 0.03776509742 0.03920783138 0.03675894706 0.04188059551 0.04228448225 0.03437039361 0.007383605991 0.004605438623 0.1482347328 9.324923193 238.9322188 245.5239428 234.8552197 258.8275654 270.3456982 272.9518815 206.6473657 201.9535132 194.0793245 170.4014390 160.6673616 154.8518890 148.6967488 140.2164598 114.6074775 300.0486271 314.3599218 99.66855964 87.43941932 24.95316174 30.59710699 37.08937201 352.8148109 375.7843510 450.7364222 463.6798999 514.5753478 524.2826465 528.2973113 584.3007523 591.6241056 601.1191723 652.3924492 713.2573587 721.8512887 743.6373114 766.1433524 772.6963651 799.3344894 831.3038671 845.7868603 914.2586701 969.8328163 982.4398372 1039.343035 1102.016164 1154.370943 1213.926783 1268.308625 1299.280285 1357.544757 1450.255535 1511.325317 1642.523958 1694.546147 1776.981144 1878.904527 2005.773100 2159.424940 2237.283649 2284.522919 2370.480566 2510.181081 2614.359170 2712.006858 2920.434042 2939.756056 3303.441709 3449.218007 3545.866835 3853.107170 4065.432409 4210.501342 4293.765702 4334.081531 4716.631758 4567.897374 4766.006642 4840.171119 4890.006991 5052.710306 5296.596998 5277.342777 5530.185037 5768.106469 6295.587973 6680.564521 7038.596417 7601.613823 7956.332416 9352.318752 9596.861952 10064.66350 10174.94982 10963.67932 11842.44970 13666.76286 14205.80314 14754.29617 15066.04163 15298.33442 16022.47999 16481.95839 17891.67698 18847.07957 19507.06481 20019.96647 20222.24325 21232.92287 22137.61464 24460.28629 24861.96220 26073.34319 29946.30921 30897.16169 31511.49045 32514.57656 34986.59095 37372.71264 39182.86374 42403.48234 45485.28946 51084.12772 50319.92871 79358.42470 81474.01143 85689.79956 97005.58604 108146.6247 114761.0286 731875.6972 27039881.45 80649207.53
      sorted:	 0.004605438623 0.007383605991 0.03437039361 0.03675894706 0.03776509742 0.03780170934 0.03920783138 0.04188059551 0.04228448225 0.1482347328 9.324923193 24.95316174 30.59710699 37.08937201 87.43941932 99.66855964 114.6074775 140.2164598 148.6967488 154.8518890 160.6673616 170.4014390 194.0793245 201.9535132 206.6473657 234.8552197 238.9322188 245.5239428 258.8275654 270.3456982 272.9518815 300.0486271 314.3599218 352.8148109 375.7843510 450.7364222 463.6798999 514.5753478 524.2826465 528.2973113 584.3007523 591.6241056 601.1191723 652.3924492 713.2573587 721.8512887 743.6373114 766.1433524 772.6963651 799.3344894 831.3038671 845.7868603 914.2586701 969.8328163 982.4398372 1039.343035 1102.016164 1154.370943 1213.926783 1268.308625 1299.280285 1357.544757 1450.255535 1511.325317 1642.523958 1694.546147 1776.981144 1878.904527 2005.773100 2159.424940 2237.283649 2284.522919 2370.480566 2510.181081 2614.359170 2712.006858 2920.434042 2939.756056 3303.441709 3449.218007 3545.866835 3853.107170 4065.432409 4210.501342 4293.765702 4334.081531 4567.897374 4716.631758 4766.006642 4840.171119 4890.006991 5052.710306 5277.342777 5296.596998 5530.185037 5768.106469 6295.587973 6680.564521 7038.596417 7601.613823 7956.332416 9352.318752 9596.861952 10064.66350 10174.94982 10963.67932 11842.44970 13666.76286 14205.80314 14754.29617 15066.04163 15298.33442 16022.47999 16481.95839 17891.67698 18847.07957 19507.06481 20019.96647 20222.24325 21232.92287 22137.61464 24460.28629 24861.96220 26073.34319 29946.30921 30897.16169 31511.49045 32514.57656 34986.59095 37372.71264 39182.86374 42403.48234 45485.28946 50319.92871 51084.12772 79358.42470 81474.01143 85689.79956 97005.58604 108146.6247 114761.0286 731875.6972 27039881.45 80649207.53
