    unsorted:	 0.03905715716 0.03969879899 0.04168397578 0.04381251069 0.03627956633 0.007756580276 0.005284238458 0.1460950299 2.013452526 32.47325304 36.51786147 47.37353898 82.93686210 97.48780028 99.23123293 110.2172265 139.4887495 150.8177459 162.3232960 183.2345525 197.9869031 218.1625964 224.1102522 232.9797248 253.1870127 279.4963072 289.0398836 315.6715716 375.0869323 378.4623379 386.4857139 396.8701179 404.8099767 411.4313604 439.5096641 432.8011299 474.9979921 490.3630055 502.2422149 530.4486722 544.4557747 557.9339943 631.7951871 653.9142675 665.8851273 699.1529659 715.3891467 724.7589862 750.8382934 755.7218472 848.3251281 866.8851996 923.0323550 953.4865709 968.0288008 998.3863563 1008.199067 1057.409834 1112.438664 1168.673183 1241.399601 1306.214392 1354.270648 1378.354974 1507.916477 1541.485666 1689.033759 1753.174906 1779.328448 1796.093568 1826.602537 1956.963061 2362.060352 2459.439798 2576.900191 2652.886299 2827.466627 2902.817207 2965.112683 3132.298909 3225.796648 3398.626397 3533.084245 3777.530450 3955.454308 4098.358244 4380.643102 4798.011283 5090.346640 5021.880862 5314.146027 5503.790024 5804.325600 6009.453681 6263.867181 6721.122961 6995.300113 7198.355007 8536.943265 8479.023272 9058.058623 9406.863318 9520.294702 9902.038556 10299.70343 11142.51340 12611.10204 12850.76784 13055.79630 14681.29908 15207.63810 16230.34015 16400.60592 17233.58184 17883.78502 19157.46644 18660.58635 19085.58065 19622.04819 21316.82030 23003.05603 23439.59870 25306.65596 27713.60702 28814.24132 29999.98049 32228.10216 33566.07132 35887.42704 39079.05909 41525.71859 41770.40345 43870.63586 44967.82863 48379.83608 53409.22838 57115.81805 72936.24464 90819.77592 101016.1269 113021.3405 119913.2515 252660.6005 708160.5691 3188890.074 34027359.93
      sorted:	 0.005284238458 0.007756580276 0.03627956633 0.03905715716 0.03969879899 0.04168397578 0.04381251069 0.1460950299 2.013452526 32.47325304 36.51786147 47.37353898 82.93686210 97.48780028 99.23123293 110.2172265 139.4887495 150.8177459 162.3232960 183.2345525 197.9869031 218.1625964 224.1102522 232.9797248 253.1870127 279.4963072 289.0398836 315.6715716 375.0869323 378.4623379 386.4857139 396.8701179 404.8099767 411.4313604 432.8011299 439.5096641 474.9979921 490.3630055 502.2422149 530.4486722 544.4557747 557.9339943 631.7951871 653.9142675 665.8851273 699.1529659 715.3891467 724.7589862 750.8382934 755.7218472 848.3251281 866.8851996 923.0323550 953.4865709 968.0288008 998.3863563 1008.199067 1057.409834 1112.438664 1168.673183 1241.399601 1306.214392 1354.270648 1378.354974 1507.916477 1541.485666 1689.033759 1753.174906 1779.328448 1796.093568 1826.602537 1956.963061 2362.060352 2459.439798 2576.900191 2652.886299 2827.466627 2902.817207 2965.112683 3132.298909 3225.796648 3398.626397 3533.084245 3777.530450 3955.454308 4098.358244 4380.643102 4798.011283 5021.880862 5090.346640 5314.146027 5503.790024 5804.325600 6009.453681 6263.867181 6721.122961 6995.300113 7198.355007 8479.023272 8536.943265 9058.058623 9406.863318 9520.294702 9902.038556 10299.70343 11142.51340 12611.10204 12850.76784 13055.79630 14681.29908 15207.63810 16230.34015 16400.60592 17233.58184 17883.78502 18660.58635 19085.58065 19157.46644 19622.04819 21316.82030 23003.05603 23439.59870 25306.65596 27713.60702 28814.24132 29999.98049 32228.10216 33566.07132 35887.42704 39079.05909 41525.71859 41770.40345 43870.63586 44967.82863 48379.83608 53409.22838 57115.81805 72936.24464 90819.77592 101016.1269 113021.3405 119913.2515 252660.6005 708160.5691 3188890.074 34027359.93
