    unsorted:	 0.03673072132 0.03710256754 0.03782234923 0.03989071306 0.04111513454 0.03462296054 0.04265365030 0.005248678794 0.01223026997 0.1483164210 9.122200994 187.5486562 183.8487346 189.6181738 172.7991692 216.0297886 220.3019713 226.4386659 241.8195326 150.8518994 138.4710091 115.1974198 118.1293855 98.73241636 259.8398699 280.7103348 276.5894201 300.2373510 311.2849002 55.49095829 68.34245684 34.54203512 30.05845112 332.2612475 354.4693272 436.5113239 459.3837530 477.4407568 491.7957874 505.6571936 546.6362965 615.4868484 599.2232540 649.3289470 686.0613938 714.5932620 746.8313924 770.7865859 821.6934087 812.5082971 866.2720781 909.6776436 947.1538370 959.1493054 990.0673699 1023.045476 1088.383011 1136.046602 1237.028023 1306.985902 1356.348512 1376.972411 1482.229239 1527.357894 1624.857330 1681.762232 1756.814939 1870.970008 2154.979603 2189.294343 2270.174082 2284.660291 2476.565347 2667.838225 2804.998943 2949.062278 3063.432354 3242.998806 3438.432728 3708.136788 3899.870769 4078.515144 4317.916824 4397.521679 4537.432352 4900.628462 4858.332790 4937.586673 4965.257247 5064.684573 5293.443973 5239.298936 5446.229489 5661.065487 6397.071781 6970.394214 7222.421959 7695.623638 7985.459822 8722.213244 9410.073730 9523.903856 10152.44083 10724.82467 11168.63958 11985.82784 13671.43626 14748.24279 14935.29515 15483.50692 15615.83996 16265.48910 17518.66093 18150.32685 18808.04498 19736.45799 20027.05117 20195.97766 21578.82287 22122.33964 23617.17659 25673.89765 30095.08653 30697.84429 31725.95284 32912.63743 33585.92208 36584.93933 39144.21532 40651.67184 43101.74647 50387.53823 51628.27025 72877.15817 82915.97712 86667.54278 100991.6789 109753.6252 228240.9126 755472.3067 34138416.00 29127001.62
      sorted:	 0.005248678794 0.01223026997 0.03462296054 0.03673072132 0.03710256754 0.03782234923 0.03989071306 0.04111513454 0.04265365030 0.1483164210 9.122200994 30.05845112 34.54203512 55.49095829 68.34245684 98.73241636 115.1974198 118.1293855 138.4710091 150.8518994 172.7991692 183.8487346 187.5486562 189.6181738 216.0297886 220.3019713 226.4386659 241.8195326 259.8398699 276.5894201 280.7103348 300.2373510 311.2849002 332.2612475 354.4693272 436.5113239 459.3837530 477.4407568 491.7957874 505.6571936 546.6362965 599.2232540 615.4868484 649.3289470 686.0613938 714.5932620 746.8313924 770.7865859 812.5082971 821.6934087 866.2720781 909.6776436 947.1538370 959.1493054 990.0673699 1023.045476 1088.383011 1136.046602 1237.028023 1306.985902 1356.348512 1376.972411 1482.229239 1527.357894 1624.857330 1681.762232 1756.814939 1870.970008 2154.979603 2189.294343 2270.174082 2284.660291 2476.565347 2667.838225 2804.998943 2949.062278 3063.432354 3242.998806 3438.432728 3708.136788 3899.870769 4078.515144 4317.916824 4397.521679 4537.432352 4858.332790 4900.628462 4937.586673 4965.257247 5064.684573 5239.298936 5293.443973 5446.229489 5661.065487 6397.071781 6970.394214 7222.421959 7695.623638 7985.459822 8722.213244 9410.073730 9523.903856 10152.44083 10724.82467 11168.63958 11985.82784 13671.43626 14748.24279 14935.29515 15483.50692 15615.83996 16265.48910 17518.66093 18150.32685 18808.04498 19736.45799 20027.05117 20195.97766 21578.82287 22122.33964 23617.17659 25673.89765 30095.08653 30697.84429 31725.95284 32912.63743 33585.92208 36584.93933 39144.21532 40651.67184 43101.74647 50387.53823 51628.27025 72877.15817 82915.97712 86667.54278 100991.6789 109753.6252 228240.9126 755472.3067 29127001.62 34138416.00
