    unsorted:	 0.03855942113 0.03979510299 0.03951358825 0.04033756120 0.03828055267 0.04100571000 0.03535310347 0.005101887427 0.01094728087 0.1489399312 187.3881997 191.9573094 195.3031652 204.4977891 170.1871242 222.5439990 229.7537650 243.3942006 249.2158076 251.6307364 131.5899540 142.7006619 124.7236631 113.7130100 299.5092067 290.1532841 97.49003139 317.4198413 321.8339723 333.8834227 8.536136409 45.37197623 34.84051383 32.04606501 78.22715604 387.7895092 446.2651983 465.6277175 480.6718949 503.9895578 524.4803331 553.6428573 588.1059281 597.5217827 615.2685719 648.1560706 640.1993767 695.4469555 713.2479345 745.9050117 768.6609739 786.5975120 802.9017039 841.3394489 845.0163000 913.1803108 957.1596425 980.9971180 1042.173886 1139.918616 1195.707550 1237.738796 1338.339718 1418.197955 1437.574438 1470.002745 1543.691372 1617.992734 1723.969900 1760.593402 1961.629418 2073.472403 2163.392013 2280.068461 2600.064713 2672.179026 2883.147403 2936.230577 3100.905273 3170.929763 3249.767219 3457.850655 3662.464210 3880.849432 4018.395613 4239.753117 4629.354132 4695.978172 4900.724887 5256.848234 5131.462127 5298.020569 5381.196747 5518.010492 5631.047369 6159.448970 6704.628726 7135.896268 7286.595303 7949.900203 8986.266761 9168.336251 9763.855100 10054.58638 11166.85424 11422.27598 11922.09831 13943.85364 14283.58942 14743.04042 15519.45640 16235.32655 16529.81089 17699.78220 18116.08019 18988.32565 19723.39040 20633.94375 20965.84556 21737.86976 22407.23041 24803.34566 26896.91752 30872.80930 31596.31580 32267.93450 33637.65220 34548.57266 35950.16340 38573.19335 41326.97624 42550.06347 51129.85726 51945.90579 74097.97121 78560.82798 90010.30424 104029.6780 112122.3935 229301.9995 721459.8374 29089725.11 30249574.54
      sorted:	 0.005101887427 0.01094728087 0.03535310347 0.03828055267 0.03855942113 0.03951358825 0.03979510299 0.04033756120 0.04100571000 0.1489399312 8.536136409 32.04606501 34.84051383 45.37197623 78.22715604 97.49003139 113.7130100 124.7236631 131.5899540 142.7006619 170.1871242 187.3881997 191.9573094 195.3031652 204.4977891 222.5439990 229.7537650 243.3942006 249.2158076 251.6307364 290.1532841 299.5092067 317.4198413 321.8339723 333.8834227 387.7895092 446.2651983 465.6277175 480.6718949 503.9895578 524.4803331 553.6428573 588.1059281 597.5217827 615.2685719 640.1993767 648.1560706 695.4469555 713.2479345 745.9050117 768.6609739 786.5975120 802.9017039 841.3394489 845.0163000 913.1803108 957.1596425 980.9971180 1042.173886 1139.918616 1195.707550 1237.738796 1338.339718 1418.197955 1437.574438 1470.002745 1543.691372 1617.992734 1723.969900 1760.593402 1961.629418 2073.472403 2163.392013 2280.068461 2600.064713 2672.179026 2883.147403 2936.230577 3100.905273 3170.929763 3249.767219 3457.850655 3662.464210 3880.849432 4018.395613 4239.753117 4629.354132 4695.978172 4900.724887 5131.462127 5256.848234 5298.020569 5381.196747 5518.010492 5631.047369 6159.448970 6704.628726 7135.896268 7286.595303 7949.900203 8986.266761 9168.336251 9763.855100 10054.58638 11166.85424 11422.27598 11922.09831 13943.85364 14283.58942 14743.04042 15519.45640 16235.32655 16529.81089 17699.78220 18116.08019 18988.32565 19723.39040 20633.94375 20965.84556 21737.86976 22407.23041 24803.34566 26896.91752 30872.80930 31596.31580 32267.93450 33637.65220 34548.57266 35950.16340 38573.19335 41326.97624 42550.06347 51129.85726 51945.90579 74097.97121 78560.82798 90010.30424 104029.6780 112122.3935 229301.9995 721459.8374 29089725.11 30249574.54
