    unsorted:	 0.03690494384 0.03687271982 0.03781579217 0.03991750292 0.04107805057 0.03466843010 0.04258469721 0.005243739887 0.01217693255 0.1482690986 2.440951059 30.02620998 34.39581193 54.96734626 116.1637339 117.6540351 98.83576350 68.49039753 138.2367263 154.0683610 175.1013071 171.7359180 182.2588839 183.7517665 188.1195212 216.3824453 223.3792056 241.4738998 259.2689248 281.5121878 277.3363885 302.0778382 313.2347400 332.0616239 355.1714261 436.1730956 459.3290523 481.2377932 490.7506946 514.8629835 552.2670112 619.8108102 597.5981392 640.9752333 710.0116977 726.5259348 753.9851138 770.0556018 827.0942571 814.9545344 870.4787755 913.9207401 947.6192756 970.9402307 997.8149037 1029.212334 1092.144323 1146.860198 1244.662801 1318.509724 1360.701232 1388.698891 1491.488419 1532.823608 1624.777363 1700.038479 1759.538806 1882.802869 2163.114299 2202.107128 2287.739161 2301.395734 2493.112495 2689.500730 2829.093080 2962.232479 3056.019008 3174.824371 3443.586639 3720.049192 3928.186944 4092.808791 4322.655603 4402.916233 4537.849305 4910.775652 4920.383649 4870.445467 4969.109795 5110.091106 5294.320088 5249.978380 5459.996595 5671.653773 6396.275048 6970.019866 7224.969112 7713.630996 8006.291023 8689.357232 9350.939860 9513.784232 10084.07926 10672.01699 11139.38404 11902.65580 13550.49937 14757.82748 14654.37439 15497.91256 15640.15290 16191.08709 18001.20230 18100.00034 18666.21304 19537.96117 19778.45901 20317.43329 21585.55502 22120.51157 23675.00983 25607.32128 29689.52249 30694.72308 31728.83911 32412.41496 33547.96087 36446.68254 38860.00714 40170.20812 43148.56287 50474.36551 51689.33367 72678.86650 81504.51266 86930.17288 101361.1671 109884.2518 228871.4972 745116.9827 34320128.00 29149414.29
      sorted:	 0.005243739887 0.01217693255 0.03466843010 0.03687271982 0.03690494384 0.03781579217 0.03991750292 0.04107805057 0.04258469721 0.1482690986 2.440951059 30.02620998 34.39581193 54.96734626 68.49039753 98.83576350 116.1637339 117.6540351 138.2367263 154.0683610 171.7359180 175.1013071 182.2588839 183.7517665 188.1195212 216.3824453 223.3792056 241.4738998 259.2689248 277.3363885 281.5121878 302.0778382 313.2347400 332.0616239 355.1714261 436.1730956 459.3290523 481.2377932 490.7506946 514.8629835 552.2670112 597.5981392 619.8108102 640.9752333 710.0116977 726.5259348 753.9851138 770.0556018 814.9545344 827.0942571 870.4787755 913.9207401 947.6192756 970.9402307 997.8149037 1029.212334 1092.144323 1146.860198 1244.662801 1318.509724 1360.701232 1388.698891 1491.488419 1532.823608 1624.777363 1700.038479 1759.538806 1882.802869 2163.114299 2202.107128 2287.739161 2301.395734 2493.112495 2689.500730 2829.093080 2962.232479 3056.019008 3174.824371 3443.586639 3720.049192 3928.186944 4092.808791 4322.655603 4402.916233 4537.849305 4870.445467 4910.775652 4920.383649 4969.109795 5110.091106 5249.978380 5294.320088 5459.996595 5671.653773 6396.275048 6970.019866 7224.969112 7713.630996 8006.291023 8689.357232 9350.939860 9513.784232 10084.07926 10672.01699 11139.38404 11902.65580 13550.49937 14654.37439 14757.82748 15497.91256 15640.15290 16191.08709 18001.20230 18100.00034 18666.21304 19537.96117 19778.45901 20317.43329 21585.55502 22120.51157 23675.00983 25607.32128 29689.52249 30694.72308 31728.83911 32412.41496 33547.96087 36446.68254 38860.00714 40170.20812 43148.56287 50474.36551 51689.33367 72678.86650 81504.51266 86930.17288 101361.1671 109884.2518 228871.4972 745116.9827 29149414.29 34320128.00
