    unsorted:	 0.04062106709 0.04095862581 0.04002462829 0.03894517636 0.04201215106 0.03516372829 0.01493028057 0.005694179440 0.1483839009 224.5599314 226.7571222 220.4020278 232.3339706 212.7840671 208.5112837 201.9812699 192.0686481 250.1116208 274.6027937 291.5357883 312.5456673 321.1174257 333.9414333 341.3605539 152.3889437 136.0151515 121.9374621 8.641118377 100.4592828 10.23993471 33.83506754 37.62180467 55.85626874 411.7732512 429.0808225 446.2232225 473.5593756 500.0407500 511.0297925 548.9508761 556.2799635 574.4079722 609.9885220 645.1022848 666.4971306 668.9424940 708.9807701 713.9618121 739.6716098 759.1486150 796.9210890 802.7413141 830.9318317 841.5432314 891.8079755 927.7895934 1013.043010 1064.462003 1126.254906 1178.689606 1214.185187 1369.215600 1443.242605 1477.834840 1519.915752 1573.812868 1652.135078 1783.335816 1819.212852 2046.716538 2196.421350 2382.959177 2475.020992 2613.775195 2630.265748 2796.832400 2855.165531 3025.617081 3145.487642 3267.848921 3327.366469 3566.524389 3786.766601 4006.224570 4184.117943 4934.877566 5154.890806 5097.135674 5187.057171 5444.990556 5578.331302 6490.391358 6759.485156 6985.363883 7791.700587 8074.577195 8513.505679 9014.657173 9286.892708 9686.637028 10525.57317 10960.75059 11729.12131 12506.51425 12825.77155 13987.71707 14832.55636 15083.15203 15434.00978 16971.01525 17728.43175 18349.34338 18241.33170 20598.38762 21263.27910 21540.55887 22925.97870 24523.80516 26959.13541 27365.91432 29537.45199 34257.81789 34827.43094 40234.96951 41952.27439 42971.32432 48341.42305 53462.27013 54774.33910 70918.03069 86454.38879 94455.67272 107448.1055 113898.3786 210730.3184 670415.6467 3379644.555 21014623.79
      sorted:	 0.005694179440 0.01493028057 0.03516372829 0.03894517636 0.04002462829 0.04062106709 0.04095862581 0.04201215106 0.1483839009 8.641118377 10.23993471 33.83506754 37.62180467 55.85626874 100.4592828 121.9374621 136.0151515 152.3889437 192.0686481 201.9812699 208.5112837 212.7840671 220.4020278 224.5599314 226.7571222 232.3339706 250.1116208 274.6027937 291.5357883 312.5456673 321.1174257 333.9414333 341.3605539 411.7732512 429.0808225 446.2232225 473.5593756 500.0407500 511.0297925 548.9508761 556.2799635 574.4079722 609.9885220 645.1022848 666.4971306 668.9424940 708.9807701 713.9618121 739.6716098 759.1486150 796.9210890 802.7413141 830.9318317 841.5432314 891.8079755 927.7895934 1013.043010 1064.462003 1126.254906 1178.689606 1214.185187 1369.215600 1443.242605 1477.834840 1519.915752 1573.812868 1652.135078 1783.335816 1819.212852 2046.716538 2196.421350 2382.959177 2475.020992 2613.775195 2630.265748 2796.832400 2855.165531 3025.617081 3145.487642 3267.848921 3327.366469 3566.524389 3786.766601 4006.224570 4184.117943 4934.877566 5097.135674 5154.890806 5187.057171 5444.990556 5578.331302 6490.391358 6759.485156 6985.363883 7791.700587 8074.577195 8513.505679 9014.657173 9286.892708 9686.637028 10525.57317 10960.75059 11729.12131 12506.51425 12825.77155 13987.71707 14832.55636 15083.15203 15434.00978 16971.01525 17728.43175 18241.33170 18349.34338 20598.38762 21263.27910 21540.55887 22925.97870 24523.80516 26959.13541 27365.91432 29537.45199 34257.81789 34827.43094 40234.96951 41952.27439 42971.32432 48341.42305 53462.27013 54774.33910 70918.03069 86454.38879 94455.67272 107448.1055 113898.3786 210730.3184 670415.6467 3379644.555 21014623.79
