    unsorted:	 0.04360476251 0.03935860484 0.03953417632 0.04139139190 0.03792162918 0.04431828305 0.005465549750 0.004138932765 0.1466465955 8.578870451 190.0697538 196.4558447 202.9313417 212.8983450 225.3588042 238.2749952 257.2771796 276.3825331 293.2377908 322.4274237 354.3895582 356.4431615 380.1384859 388.3528911 398.3081438 405.8099542 146.4832109 129.4139736 114.9919124 98.89477368 92.54579254 32.09647192 34.86258551 39.54425376 447.4686901 461.6447468 479.6625355 496.8846381 510.3429114 519.9544897 575.4079261 600.2606670 631.0770414 645.2131662 716.8823619 711.1512310 696.4143052 737.3387028 757.9275689 796.1761789 860.9867711 896.5072133 928.3818905 939.0471776 977.4046486 1006.331434 1031.715776 1077.810445 1155.662936 1212.775094 1259.201068 1324.007989 1400.754423 1476.462981 1531.491043 1683.695957 1740.118972 1754.786854 1799.453545 1860.506493 1924.115650 2308.496814 2565.675737 2701.648606 2740.451369 2889.381216 2956.635997 3183.871736 3244.930635 3260.119012 3394.367633 3621.253515 3883.805173 4085.445744 4352.026822 4746.441977 5028.204093 5107.797838 5409.693473 5525.150219 5718.354926 5989.834819 6579.963086 6857.509424 7181.802790 8035.402334 8260.428249 8783.591549 9287.437379 9371.798673 9778.757681 10125.82942 10605.90801 10954.72551 11316.13165 12670.38780 13266.84575 13676.63655 15340.34078 16287.53453 16966.56492 18193.53088 18202.07718 18828.60537 19164.91683 19807.50396 21152.77169 21334.67591 21605.45852 23319.67401 23756.87778 26640.06377 29189.75008 29824.96683 34544.85350 36892.16669 38188.39282 38827.58410 43151.64876 43493.34378 46872.08538 55192.43329 58006.56650 71058.46274 80730.14269 100339.5301 113353.4372 117749.1221 257832.7243 683033.4635 19095875.99 31592006.41
      sorted:	 0.004138932765 0.005465549750 0.03792162918 0.03935860484 0.03953417632 0.04139139190 0.04360476251 0.04431828305 0.1466465955 8.578870451 32.09647192 34.86258551 39.54425376 92.54579254 98.89477368 114.9919124 129.4139736 146.4832109 190.0697538 196.4558447 202.9313417 212.8983450 225.3588042 238.2749952 257.2771796 276.3825331 293.2377908 322.4274237 354.3895582 356.4431615 380.1384859 388.3528911 398.3081438 405.8099542 447.4686901 461.6447468 479.6625355 496.8846381 510.3429114 519.9544897 575.4079261 600.2606670 631.0770414 645.2131662 696.4143052 711.1512310 716.8823619 737.3387028 757.9275689 796.1761789 860.9867711 896.5072133 928.3818905 939.0471776 977.4046486 1006.331434 1031.715776 1077.810445 1155.662936 1212.775094 1259.201068 1324.007989 1400.754423 1476.462981 1531.491043 1683.695957 1740.118972 1754.786854 1799.453545 1860.506493 1924.115650 2308.496814 2565.675737 2701.648606 2740.451369 2889.381216 2956.635997 3183.871736 3244.930635 3260.119012 3394.367633 3621.253515 3883.805173 4085.445744 4352.026822 4746.441977 5028.204093 5107.797838 5409.693473 5525.150219 5718.354926 5989.834819 6579.963086 6857.509424 7181.802790 8035.402334 8260.428249 8783.591549 9287.437379 9371.798673 9778.757681 10125.82942 10605.90801 10954.72551 11316.13165 12670.38780 13266.84575 13676.63655 15340.34078 16287.53453 16966.56492 18193.53088 18202.07718 18828.60537 19164.91683 19807.50396 21152.77169 21334.67591 21605.45852 23319.67401 23756.87778 26640.06377 29189.75008 29824.96683 34544.85350 36892.16669 38188.39282 38827.58410 43151.64876 43493.34378 46872.08538 55192.43329 58006.56650 71058.46274 80730.14269 100339.5301 113353.4372 117749.1221 257832.7243 683033.4635 19095875.99 31592006.41
