    unsorted:	 0.04336023879 0.04319256632 0.04140704225 0.03850725213 0.03938629301 0.03619185260 0.02714923084 0.005205419545 0.006526061458 0.1480530484 1.834469402 2.545962304 208.6916786 214.8229151 203.9983392 200.5801603 192.2491153 226.3209422 176.7954042 241.9072836 257.2405889 164.2925881 277.6427254 305.1191975 307.5339525 297.3095720 328.4205674 332.6721402 341.5021783 125.7033243 107.0061530 98.60050732 32.08657020 34.05035347 404.7909433 453.7926453 458.8220544 474.3032367 490.8994127 524.5444365 546.3110314 553.1765628 566.0048750 580.1513911 615.5749614 646.2525227 661.3164309 674.3876360 682.1746299 698.6991353 713.6580151 763.5425892 814.6920669 862.7330806 889.4224593 907.2199422 916.0445919 982.7832720 1030.277446 1097.884081 1102.624959 1189.025478 1260.238392 1363.260466 1437.781291 1462.942105 1544.907576 1623.299798 1688.005415 1737.375040 1916.592709 1935.801422 2171.202008 2246.614529 2334.934909 2452.558691 2574.106107 2728.400338 2913.483457 3043.464917 3248.025383 3300.354013 3437.050267 3519.699979 3829.016008 4032.801258 4439.005161 4830.719083 4804.984599 5041.570425 5158.817633 5414.973391 5779.410453 6153.332542 6564.945688 6659.800403 6939.467153 7158.458742 7333.049564 8141.423181 8342.655144 8902.936029 9542.712718 10110.60735 10476.10558 11370.82574 12183.78231 12746.93418 13490.81013 14721.20758 14797.80981 15582.97567 16440.30755 17764.85457 18117.22351 18344.49547 18457.48456 20435.20112 21333.52700 21603.58216 22282.30306 23598.83665 26007.74333 29490.16437 29843.92955 32816.23790 34637.02424 37058.99795 37415.63055 37533.31548 40088.28196 42930.02626 44909.55249 53418.21682 54650.81951 71807.43460 77707.01188 97736.00009 111562.8502 117633.7943 246464.6694 688762.3968 26069370.73 37373476.28
      sorted:	 0.005205419545 0.006526061458 0.02714923084 0.03619185260 0.03850725213 0.03938629301 0.04140704225 0.04319256632 0.04336023879 0.1480530484 1.834469402 2.545962304 32.08657020 34.05035347 98.60050732 107.0061530 125.7033243 164.2925881 176.7954042 192.2491153 200.5801603 203.9983392 208.6916786 214.8229151 226.3209422 241.9072836 257.2405889 277.6427254 297.3095720 305.1191975 307.5339525 328.4205674 332.6721402 341.5021783 404.7909433 453.7926453 458.8220544 474.3032367 490.8994127 524.5444365 546.3110314 553.1765628 566.0048750 580.1513911 615.5749614 646.2525227 661.3164309 674.3876360 682.1746299 698.6991353 713.6580151 763.5425892 814.6920669 862.7330806 889.4224593 907.2199422 916.0445919 982.7832720 1030.277446 1097.884081 1102.624959 1189.025478 1260.238392 1363.260466 1437.781291 1462.942105 1544.907576 1623.299798 1688.005415 1737.375040 1916.592709 1935.801422 2171.202008 2246.614529 2334.934909 2452.558691 2574.106107 2728.400338 2913.483457 3043.464917 3248.025383 3300.354013 3437.050267 3519.699979 3829.016008 4032.801258 4439.005161 4804.984599 4830.719083 5041.570425 5158.817633 5414.973391 5779.410453 6153.332542 6564.945688 6659.800403 6939.467153 7158.458742 7333.049564 8141.423181 8342.655144 8902.936029 9542.712718 10110.60735 10476.10558 11370.82574 12183.78231 12746.93418 13490.81013 14721.20758 14797.80981 15582.97567 16440.30755 17764.85457 18117.22351 18344.49547 18457.48456 20435.20112 21333.52700 21603.58216 22282.30306 23598.83665 26007.74333 29490.16437 29843.92955 32816.23790 34637.02424 37058.99795 37415.63055 37533.31548 40088.28196 42930.02626 44909.55249 53418.21682 54650.81951 71807.43460 77707.01188 97736.00009 111562.8502 117633.7943 246464.6694 688762.3968 26069370.73 37373476.28
