    unsorted:	 0.03847246867 0.03893375647 0.04093546568 0.04152192974 0.03638691214 0.03600122299 0.04298876935 0.008809189497 0.005102713861 0.1492216607 197.5951222 202.0392158 185.9821780 183.8136574 210.4538936 228.1893434 236.6822867 253.0462315 258.0535474 272.4761693 283.7583542 150.9598068 141.8450048 136.9668589 128.9771756 301.5688530 311.3721089 99.01039951 97.41739858 335.7528028 19.50318681 31.82965828 34.17541055 455.2409675 457.8181104 407.3418862 477.9075393 496.8351908 510.2535908 518.1213095 543.1532813 569.6461746 589.9391395 617.0211377 625.1945133 650.9752880 677.8155904 686.2750411 699.9000513 734.3676705 752.6859984 815.8518337 878.0723593 896.2175890 945.5584458 954.8571920 976.8978059 1044.190407 1058.066849 1095.605007 1134.748346 1183.525147 1283.677328 1421.792988 1481.699398 1600.054136 1573.691167 1704.921418 1753.272382 1881.414195 2142.213766 2222.764018 2333.738604 2606.105872 2718.787427 2784.573124 3126.540464 3152.903883 3219.119986 3339.561595 3496.663595 3567.938615 3915.890440 4056.703334 4212.636482 4524.996438 4776.821424 5229.460336 5098.945730 5458.182590 5612.375361 5871.240122 5941.724297 6314.163198 6721.162358 7124.609399 7290.017841 8142.467980 8846.099434 9333.200690 9417.371185 10042.39786 10401.32804 11397.12351 11993.28485 12322.81929 13768.27875 14799.82438 15441.65001 16687.31151 17374.54741 17710.73241 17851.05723 18149.73337 18876.82160 20289.89644 21239.47076 21376.09549 21624.79017 22959.34661 25877.57467 28786.54413 30169.97909 32630.57476 34053.20166 36432.72921 37462.99543 39268.67903 42955.68266 43316.15437 52410.60518 53270.88729 69665.34271 77288.12095 94092.13117 107870.1106 112303.1200 242000.7092 668928.0844 2428049.740 28807751.14 32731204.29
      sorted:	 0.005102713861 0.008809189497 0.03600122299 0.03638691214 0.03847246867 0.03893375647 0.04093546568 0.04152192974 0.04298876935 0.1492216607 19.50318681 31.82965828 34.17541055 97.41739858 99.01039951 128.9771756 136.9668589 141.8450048 150.9598068 183.8136574 185.9821780 197.5951222 202.0392158 210.4538936 228.1893434 236.6822867 253.0462315 258.0535474 272.4761693 283.7583542 301.5688530 311.3721089 335.7528028 407.3418862 455.2409675 457.8181104 477.9075393 496.8351908 510.2535908 518.1213095 543.1532813 569.6461746 589.9391395 617.0211377 625.1945133 650.9752880 677.8155904 686.2750411 699.9000513 734.3676705 752.6859984 815.8518337 878.0723593 896.2175890 945.5584458 954.8571920 976.8978059 1044.190407 1058.066849 1095.605007 1134.748346 1183.525147 1283.677328 1421.792988 1481.699398 1573.691167 1600.054136 1704.921418 1753.272382 1881.414195 2142.213766 2222.764018 2333.738604 2606.105872 2718.787427 2784.573124 3126.540464 3152.903883 3219.119986 3339.561595 3496.663595 3567.938615 3915.890440 4056.703334 4212.636482 4524.996438 4776.821424 5098.945730 5229.460336 5458.182590 5612.375361 5871.240122 5941.724297 6314.163198 6721.162358 7124.609399 7290.017841 8142.467980 8846.099434 9333.200690 9417.371185 10042.39786 10401.32804 11397.12351 11993.28485 12322.81929 13768.27875 14799.82438 15441.65001 16687.31151 17374.54741 17710.73241 17851.05723 18149.73337 18876.82160 20289.89644 21239.47076 21376.09549 21624.79017 22959.34661 25877.57467 28786.54413 30169.97909 32630.57476 34053.20166 36432.72921 37462.99543 39268.67903 42955.68266 43316.15437 52410.60518 53270.88729 69665.34271 77288.12095 94092.13117 107870.1106 112303.1200 242000.7092 668928.0844 2428049.740 28807751.14 32731204.29
