    unsorted:	 0.03932916816 0.03947493027 0.03838242721 0.04137776636 0.04361051600 0.04445619331 0.005417397110 0.004267330021 0.1466879964 2.033619498 32.10533264 34.90967797 41.90136794 99.21904331 96.35948870 115.4874145 131.2073791 141.3346213 189.8775976 196.8082530 204.2769432 212.6273734 225.4115238 241.4954698 262.3064211 278.5929385 292.0653559 321.8539049 355.1317448 353.8686640 379.2393494 386.3027831 399.7519869 404.4839340 446.3627642 459.6322753 477.9799946 497.2632032 511.0798089 515.3337685 578.0355188 603.1113951 635.1065368 641.7876672 699.5101693 708.6969736 719.8666333 745.2650242 755.9627541 801.3799657 864.7538587 911.0720189 934.8672590 944.9587075 972.3329118 1001.028183 1035.941335 1085.571571 1162.649767 1212.262882 1260.703488 1323.428443 1407.711526 1490.210100 1499.422057 1633.689735 1698.169781 1758.448470 1782.588236 1833.556055 1871.731604 2031.496312 2309.800618 2594.085066 2740.633718 2749.116581 2882.832933 3006.010036 3151.551675 3252.863881 3267.374724 3396.563117 3652.654547 3872.042360 4099.153435 4418.822813 4937.523372 5041.498867 5109.937428 5469.118784 5513.840293 5762.943097 5991.209292 6542.719821 6877.172287 7157.558892 7373.591540 8256.728914 8439.478027 9279.205252 9496.108461 9610.922103 9943.129452 10628.47629 10923.90805 11269.20003 12914.74815 12972.44729 13701.33834 15225.06165 15756.96442 16294.21722 16968.99121 18339.29681 18565.63219 18897.54358 19338.44592 21141.73007 21340.54897 21550.76129 23605.57147 24062.26024 26643.85065 29510.34423 29877.75465 33440.98104 35336.76649 38268.96515 38637.14090 39383.21658 43251.19781 44204.84931 47697.51649 55471.47506 58058.24076 72634.78307 80808.87329 100389.1691 113626.4615 120412.1397 254965.5380 697193.0342 18880975.67 41898214.53
      sorted:	 0.004267330021 0.005417397110 0.03838242721 0.03932916816 0.03947493027 0.04137776636 0.04361051600 0.04445619331 0.1466879964 2.033619498 32.10533264 34.90967797 41.90136794 96.35948870 99.21904331 115.4874145 131.2073791 141.3346213 189.8775976 196.8082530 204.2769432 212.6273734 225.4115238 241.4954698 262.3064211 278.5929385 292.0653559 321.8539049 353.8686640 355.1317448 379.2393494 386.3027831 399.7519869 404.4839340 446.3627642 459.6322753 477.9799946 497.2632032 511.0798089 515.3337685 578.0355188 603.1113951 635.1065368 641.7876672 699.5101693 708.6969736 719.8666333 745.2650242 755.9627541 801.3799657 864.7538587 911.0720189 934.8672590 944.9587075 972.3329118 1001.028183 1035.941335 1085.571571 1162.649767 1212.262882 1260.703488 1323.428443 1407.711526 1490.210100 1499.422057 1633.689735 1698.169781 1758.448470 1782.588236 1833.556055 1871.731604 2031.496312 2309.800618 2594.085066 2740.633718 2749.116581 2882.832933 3006.010036 3151.551675 3252.863881 3267.374724 3396.563117 3652.654547 3872.042360 4099.153435 4418.822813 4937.523372 5041.498867 5109.937428 5469.118784 5513.840293 5762.943097 5991.209292 6542.719821 6877.172287 7157.558892 7373.591540 8256.728914 8439.478027 9279.205252 9496.108461 9610.922103 9943.129452 10628.47629 10923.90805 11269.20003 12914.74815 12972.44729 13701.33834 15225.06165 15756.96442 16294.21722 16968.99121 18339.29681 18565.63219 18897.54358 19338.44592 21141.73007 21340.54897 21550.76129 23605.57147 24062.26024 26643.85065 29510.34423 29877.75465 33440.98104 35336.76649 38268.96515 38637.14090 39383.21658 43251.19781 44204.84931 47697.51649 55471.47506 58058.24076 72634.78307 80808.87329 100389.1691 113626.4615 120412.1397 254965.5380 697193.0342 18880975.67 41898214.53
