    unsorted:	 0.03858147151 0.03980297736 0.03949382345 0.04027473374 0.03837562381 0.04104434727 0.03527986113 0.005125958138 0.01131720547 0.1489698336 244.8044102 249.6614960 251.8573352 253.8339965 224.4134536 218.1687706 205.8175387 193.1645431 188.2628220 170.1959760 288.3607612 297.3252140 309.7733865 320.1946050 331.5650463 131.7237710 144.1112976 126.4082837 112.4159941 97.34217986 43.30049621 79.35082310 34.92711581 32.03341927 392.3290512 450.4999600 467.9149862 485.8694078 520.3669865 530.2983089 587.3797342 596.7473798 615.9943255 640.6499608 646.4512096 681.6809438 693.6004959 707.3281575 748.7164080 768.7247900 789.5038103 802.6929777 848.2081943 840.9846908 909.1412291 959.6655680 985.5094895 1038.813819 1078.499777 1168.497548 1229.526565 1292.456201 1367.534298 1415.833421 1446.825336 1472.118561 1534.523593 1620.879776 1731.835642 1764.824816 1970.277285 2098.537373 2149.036222 2281.474597 2601.196049 2663.308264 2897.513609 2960.265887 3089.923412 3177.886484 3294.556704 3455.632657 3666.251918 3917.912305 4016.785848 4228.393915 4616.911780 4683.787484 4885.308730 5117.069918 5259.345803 5270.829988 5322.616989 5443.274964 5591.905993 5942.471215 6703.574108 7062.368817 7177.989014 7928.535357 8978.917925 9200.668584 9777.879678 9948.574063 11260.61468 11407.14276 11859.38966 14006.02828 14318.62936 14678.54598 15515.07418 15737.81407 16347.52775 16595.09911 18201.35829 18996.69582 19761.43632 20609.38684 20836.97576 21737.88762 22255.02390 24660.53758 25186.65187 27214.49311 30944.05878 31633.77246 32601.53170 34513.46333 35659.89371 36220.50014 39081.12457 41922.55875 42910.53469 51202.09109 51942.88665 75337.70157 78492.17987 89949.07155 103842.5990 112121.0106 228085.1072 523480.0409 719180.1756 28869852.25 37701359.13
      sorted:	 0.005125958138 0.01131720547 0.03527986113 0.03837562381 0.03858147151 0.03949382345 0.03980297736 0.04027473374 0.04104434727 0.1489698336 32.03341927 34.92711581 43.30049621 79.35082310 97.34217986 112.4159941 126.4082837 131.7237710 144.1112976 170.1959760 188.2628220 193.1645431 205.8175387 218.1687706 224.4134536 244.8044102 249.6614960 251.8573352 253.8339965 288.3607612 297.3252140 309.7733865 320.1946050 331.5650463 392.3290512 450.4999600 467.9149862 485.8694078 520.3669865 530.2983089 587.3797342 596.7473798 615.9943255 640.6499608 646.4512096 681.6809438 693.6004959 707.3281575 748.7164080 768.7247900 789.5038103 802.6929777 840.9846908 848.2081943 909.1412291 959.6655680 985.5094895 1038.813819 1078.499777 1168.497548 1229.526565 1292.456201 1367.534298 1415.833421 1446.825336 1472.118561 1534.523593 1620.879776 1731.835642 1764.824816 1970.277285 2098.537373 2149.036222 2281.474597 2601.196049 2663.308264 2897.513609 2960.265887 3089.923412 3177.886484 3294.556704 3455.632657 3666.251918 3917.912305 4016.785848 4228.393915 4616.911780 4683.787484 4885.308730 5117.069918 5259.345803 5270.829988 5322.616989 5443.274964 5591.905993 5942.471215 6703.574108 7062.368817 7177.989014 7928.535357 8978.917925 9200.668584 9777.879678 9948.574063 11260.61468 11407.14276 11859.38966 14006.02828 14318.62936 14678.54598 15515.07418 15737.81407 16347.52775 16595.09911 18201.35829 18996.69582 19761.43632 20609.38684 20836.97576 21737.88762 22255.02390 24660.53758 25186.65187 27214.49311 30944.05878 31633.77246 32601.53170 34513.46333 35659.89371 36220.50014 39081.12457 41922.55875 42910.53469 51202.09109 51942.88665 75337.70157 78492.17987 89949.07155 103842.5990 112121.0106 228085.1072 523480.0409 719180.1756 28869852.25 37701359.13
