    unsorted:	 0.03855232760 0.03841623560 0.03947760930 0.03980862500 0.04029739945 0.04105923998 0.03537185292 0.005107231877 0.01104905931 0.1489741557 8.516980876 245.3945383 249.9715827 253.6974633 237.1673070 226.1860216 221.7555301 204.7057101 192.4046480 187.3866842 297.9474903 288.9202489 169.8462528 310.6703648 318.7943872 331.5659775 132.8362486 143.1047581 125.1060708 113.3138210 97.44255331 45.48295182 34.99174372 32.11271643 78.51518104 390.2115106 450.2127267 468.0567303 485.8897553 514.9857234 528.4251276 571.0564774 592.1486967 604.3999893 615.5140391 637.1659112 680.1309454 694.4329631 712.9932634 745.1612325 768.8757766 783.4565320 802.9573275 838.3941418 842.8263102 911.5266245 955.6323880 979.0240160 1039.854342 1136.762111 1193.325256 1232.943221 1333.405051 1412.654305 1430.610162 1470.532974 1531.611388 1614.829467 1718.647451 1756.607080 1953.671920 2087.151802 2148.568322 2276.493583 2591.847604 2663.894517 2862.084064 2922.634312 3134.708617 3163.352755 3323.097306 3450.684187 3650.711972 3881.254757 4007.202187 4228.770912 4612.797037 4705.923364 4883.628312 5258.504490 5118.758614 5294.353425 5375.164957 5514.259345 5593.536563 6147.241775 6695.775667 7124.624455 7272.407044 7921.633734 8984.414685 9142.375230 9763.386353 10057.81180 11271.69818 11434.89484 11959.64387 14003.24850 14516.44717 14714.92998 15500.73125 16224.12735 16482.51255 17615.66426 17743.26839 19215.95956 19763.44573 20560.07539 20872.66346 21738.10399 22436.65125 24855.15365 26843.35606 31104.48854 31687.44866 32547.48531 33646.97418 34550.84781 36007.33577 38493.03530 41684.55574 42527.56145 51049.35554 51902.97644 73985.66822 79695.71615 89540.88002 103690.6742 111996.7830 228560.3874 728933.2343 28916005.50 30330301.08
      sorted:	 0.005107231877 0.01104905931 0.03537185292 0.03841623560 0.03855232760 0.03947760930 0.03980862500 0.04029739945 0.04105923998 0.1489741557 8.516980876 32.11271643 34.99174372 45.48295182 78.51518104 97.44255331 113.3138210 125.1060708 132.8362486 143.1047581 169.8462528 187.3866842 192.4046480 204.7057101 221.7555301 226.1860216 237.1673070 245.3945383 249.9715827 253.6974633 288.9202489 297.9474903 310.6703648 318.7943872 331.5659775 390.2115106 450.2127267 468.0567303 485.8897553 514.9857234 528.4251276 571.0564774 592.1486967 604.3999893 615.5140391 637.1659112 680.1309454 694.4329631 712.9932634 745.1612325 768.8757766 783.4565320 802.9573275 838.3941418 842.8263102 911.5266245 955.6323880 979.0240160 1039.854342 1136.762111 1193.325256 1232.943221 1333.405051 1412.654305 1430.610162 1470.532974 1531.611388 1614.829467 1718.647451 1756.607080 1953.671920 2087.151802 2148.568322 2276.493583 2591.847604 2663.894517 2862.084064 2922.634312 3134.708617 3163.352755 3323.097306 3450.684187 3650.711972 3881.254757 4007.202187 4228.770912 4612.797037 4705.923364 4883.628312 5118.758614 5258.504490 5294.353425 5375.164957 5514.259345 5593.536563 6147.241775 6695.775667 7124.624455 7272.407044 7921.633734 8984.414685 9142.375230 9763.386353 10057.81180 11271.69818 11434.89484 11959.64387 14003.24850 14516.44717 14714.92998 15500.73125 16224.12735 16482.51255 17615.66426 17743.26839 19215.95956 19763.44573 20560.07539 20872.66346 21738.10399 22436.65125 24855.15365 26843.35606 31104.48854 31687.44866 32547.48531 33646.97418 34550.84781 36007.33577 38493.03530 41684.55574 42527.56145 51049.35554 51902.97644 73985.66822 79695.71615 89540.88002 103690.6742 111996.7830 228560.3874 728933.2343 28916005.50 30330301.08
