    unsorted:	 0.03916812085 0.03862277129 0.03948164794 0.04134926814 0.04170101360 0.04365574090 0.005456653071 0.004166852473 0.1466578742 359.6839706 380.8996765 388.2964783 346.5780778 398.0234359 406.7966904 320.4704103 430.3287529 446.8168891 461.1735295 293.9757821 275.8872826 265.5384462 245.8280547 239.7183791 226.3138784 189.7823681 195.7043300 201.6212161 479.6080578 502.6190323 515.2866840 145.9026707 133.9464389 113.8833183 110.6643396 98.68522023 8.550993572 32.12983151 35.27595115 44.33717500 572.2043849 597.3503876 640.4584800 645.7625085 685.6358673 710.3294925 717.8483108 737.0603409 755.3112744 792.4197761 866.5958485 901.8589355 934.2144852 942.4306725 968.1144350 995.1376192 1029.456283 1072.934011 1152.326338 1210.691860 1254.543169 1318.672800 1397.023612 1484.171837 1497.364377 1624.743511 1684.844445 1771.014360 1756.240976 1832.974883 1855.862271 2065.106763 2308.385525 2564.489960 2696.709631 2750.208253 2872.507302 2970.604528 3134.048900 3250.236490 3331.477444 3459.107179 3621.541813 3901.603819 4028.227842 4380.443277 4924.976201 5023.770758 5108.226522 5455.178869 5484.749912 5757.139128 5963.849518 6538.970561 6889.255448 7134.898162 7380.008140 8256.377648 8431.979527 9281.877762 9511.246086 9667.404023 9943.793663 10710.98427 10992.21803 11330.49690 12895.92513 13223.35590 13677.77611 14979.08166 15747.37930 16164.94743 17042.25978 18390.10371 18954.83561 18799.37816 19441.32515 21254.77936 21434.64160 21674.47030 23369.62290 24291.72076 26754.81275 28255.44896 30268.55397 33453.31463 35438.51077 38369.99065 38862.83201 39268.17460 43174.61993 44988.36311 48039.52215 55736.39226 57793.43776 73504.01339 81820.46086 100295.8218 113677.2075 120271.1868 251689.2495 700858.2974 3656856.822 43560122.28
      sorted:	 0.004166852473 0.005456653071 0.03862277129 0.03916812085 0.03948164794 0.04134926814 0.04170101360 0.04365574090 0.1466578742 8.550993572 32.12983151 35.27595115 44.33717500 98.68522023 110.6643396 113.8833183 133.9464389 145.9026707 189.7823681 195.7043300 201.6212161 226.3138784 239.7183791 245.8280547 265.5384462 275.8872826 293.9757821 320.4704103 346.5780778 359.6839706 380.8996765 388.2964783 398.0234359 406.7966904 430.3287529 446.8168891 461.1735295 479.6080578 502.6190323 515.2866840 572.2043849 597.3503876 640.4584800 645.7625085 685.6358673 710.3294925 717.8483108 737.0603409 755.3112744 792.4197761 866.5958485 901.8589355 934.2144852 942.4306725 968.1144350 995.1376192 1029.456283 1072.934011 1152.326338 1210.691860 1254.543169 1318.672800 1397.023612 1484.171837 1497.364377 1624.743511 1684.844445 1756.240976 1771.014360 1832.974883 1855.862271 2065.106763 2308.385525 2564.489960 2696.709631 2750.208253 2872.507302 2970.604528 3134.048900 3250.236490 3331.477444 3459.107179 3621.541813 3901.603819 4028.227842 4380.443277 4924.976201 5023.770758 5108.226522 5455.178869 5484.749912 5757.139128 5963.849518 6538.970561 6889.255448 7134.898162 7380.008140 8256.377648 8431.979527 9281.877762 9511.246086 9667.404023 9943.793663 10710.98427 10992.21803 11330.49690 12895.92513 13223.35590 13677.77611 14979.08166 15747.37930 16164.94743 17042.25978 18390.10371 18799.37816 18954.83561 19441.32515 21254.77936 21434.64160 21674.47030 23369.62290 24291.72076 26754.81275 28255.44896 30268.55397 33453.31463 35438.51077 38369.99065 38862.83201 39268.17460 43174.61993 44988.36311 48039.52215 55736.39226 57793.43776 73504.01339 81820.46086 100295.8218 113677.2075 120271.1868 251689.2495 700858.2974 3656856.822 43560122.28
