    unsorted:	 0.04347295045 0.04381601749 0.04128327454 0.03894149220 0.03831718623 0.04004094501 0.005447907091 0.004971480880 0.1482422664 1.901816646 32.05776610 33.45627008 35.32617950 27.77322467 240.8169470 248.0177354 230.6967254 215.8148301 208.4124162 196.4325087 185.0660504 262.3824234 284.4869233 285.6212955 317.0349042 323.2517821 328.9567208 339.8207269 154.6096888 120.8432725 116.9132280 98.77191709 354.4643661 405.6186382 415.5199745 452.2689750 449.5901013 469.1695022 488.8717035 499.7106809 533.2944992 572.4755202 596.7826058 634.0234813 648.0437966 676.9667138 702.6740848 708.3988195 720.8069283 782.4068844 787.8249510 828.7798281 861.8210032 899.0509934 934.5734497 942.7234100 1014.007916 1048.420898 1109.532658 1147.949011 1184.155974 1218.020381 1330.210347 1411.366178 1484.766175 1554.702959 1585.124546 1679.648739 1775.156579 1807.313417 1877.280127 2100.290637 2269.707229 2438.366946 2561.563766 2656.138025 2754.937723 2810.693071 3060.326452 3132.579331 3307.597481 3398.537875 3457.696177 3499.914528 3868.681524 4049.859920 4449.818498 4937.544899 5148.630135 5144.654542 5249.129060 5491.965268 5846.501209 6364.450380 6711.871150 7006.209838 7166.352445 7717.543438 8219.743067 8565.670149 8945.413390 9030.888541 9691.958102 10410.77487 10744.31780 11291.92712 12620.80451 13206.18792 13812.22568 14497.98281 15148.27524 15769.39977 16629.14521 18195.44092 18268.07783 18551.62404 18849.81628 20747.59271 21348.39415 21688.14336 22780.98497 23828.98589 26328.14982 29680.88914 30360.83647 32654.25439 34878.21963 37691.24885 38008.29070 38437.13441 42651.56471 42951.01253 46048.43659 54993.93486 55728.01243 73753.49913 79267.94825 98516.48854 112246.5609 118771.7366 247736.3628 703993.6802 22682788.82 40217081.02
      sorted:	 0.004971480880 0.005447907091 0.03831718623 0.03894149220 0.04004094501 0.04128327454 0.04347295045 0.04381601749 0.1482422664 1.901816646 27.77322467 32.05776610 33.45627008 35.32617950 98.77191709 116.9132280 120.8432725 154.6096888 185.0660504 196.4325087 208.4124162 215.8148301 230.6967254 240.8169470 248.0177354 262.3824234 284.4869233 285.6212955 317.0349042 323.2517821 328.9567208 339.8207269 354.4643661 405.6186382 415.5199745 449.5901013 452.2689750 469.1695022 488.8717035 499.7106809 533.2944992 572.4755202 596.7826058 634.0234813 648.0437966 676.9667138 702.6740848 708.3988195 720.8069283 782.4068844 787.8249510 828.7798281 861.8210032 899.0509934 934.5734497 942.7234100 1014.007916 1048.420898 1109.532658 1147.949011 1184.155974 1218.020381 1330.210347 1411.366178 1484.766175 1554.702959 1585.124546 1679.648739 1775.156579 1807.313417 1877.280127 2100.290637 2269.707229 2438.366946 2561.563766 2656.138025 2754.937723 2810.693071 3060.326452 3132.579331 3307.597481 3398.537875 3457.696177 3499.914528 3868.681524 4049.859920 4449.818498 4937.544899 5144.654542 5148.630135 5249.129060 5491.965268 5846.501209 6364.450380 6711.871150 7006.209838 7166.352445 7717.543438 8219.743067 8565.670149 8945.413390 9030.888541 9691.958102 10410.77487 10744.31780 11291.92712 12620.80451 13206.18792 13812.22568 14497.98281 15148.27524 15769.39977 16629.14521 18195.44092 18268.07783 18551.62404 18849.81628 20747.59271 21348.39415 21688.14336 22780.98497 23828.98589 26328.14982 29680.88914 30360.83647 32654.25439 34878.21963 37691.24885 38008.29070 38437.13441 42651.56471 42951.01253 46048.43659 54993.93486 55728.01243 73753.49913 79267.94825 98516.48854 112246.5609 118771.7366 247736.3628 703993.6802 22682788.82 40217081.02
