    unsorted:	 0.04361573358 0.03931330372 0.03953225364 0.04140487748 0.03792891127 0.04434324798 0.005465493164 0.004143407451 0.1466146132 463.0795616 464.7503545 448.1022314 481.7027262 407.4150670 398.4008522 389.8393470 379.9248274 356.8404436 342.6464853 321.8373912 507.0631697 520.7203117 293.1155766 276.3920232 256.9997454 238.3567327 225.9442931 212.4224788 200.6856724 195.9472069 190.0130510 148.7858613 130.1310106 113.6699398 98.70327616 84.47703980 574.6899994 599.1128552 34.88724680 31.99749157 40.34165077 633.4472323 645.4860921 716.7570605 706.5221725 695.2967812 736.1421066 757.7319009 792.9089274 863.8160368 894.4055608 940.3171112 930.5715282 977.2008017 1005.762006 1031.589981 1074.821462 1153.721384 1213.068601 1258.415552 1324.851785 1399.095948 1475.391443 1529.565226 1681.256582 1739.049284 1757.145528 1798.524403 1857.440113 1930.914946 2316.037194 2558.567769 2688.846750 2753.148926 2884.647044 2953.394737 3178.660051 3247.569490 3279.387986 3403.035621 3609.681826 3918.605647 4080.210581 4365.883481 4770.261876 5039.239899 5106.870919 5417.016134 5536.314751 5721.483185 5990.200155 6588.730662 6874.708246 7190.865720 8039.622498 8265.732178 8794.508025 9341.973316 9419.350329 9788.552868 10157.91995 10661.60403 10972.98775 11351.11603 12697.22749 13286.38681 13707.91818 15341.44594 16294.29116 17072.40894 18195.50950 18269.87658 18841.02178 19122.79723 19710.85132 21252.23052 21380.64916 21681.53831 23308.20568 23918.07957 26757.30112 29260.27192 29798.09396 34808.79474 36899.50600 38381.64648 38889.12215 43308.70577 43837.54377 47032.97761 55242.38308 57955.06276 71181.28581 81250.95435 100493.1448 113414.1503 118894.0096 117746.6017 257349.5553 684076.4912 19012279.48 31297439.79
      sorted:	 0.004143407451 0.005465493164 0.03792891127 0.03931330372 0.03953225364 0.04140487748 0.04361573358 0.04434324798 0.1466146132 31.99749157 34.88724680 40.34165077 84.47703980 98.70327616 113.6699398 130.1310106 148.7858613 190.0130510 195.9472069 200.6856724 212.4224788 225.9442931 238.3567327 256.9997454 276.3920232 293.1155766 321.8373912 342.6464853 356.8404436 379.9248274 389.8393470 398.4008522 407.4150670 448.1022314 463.0795616 464.7503545 481.7027262 507.0631697 520.7203117 574.6899994 599.1128552 633.4472323 645.4860921 695.2967812 706.5221725 716.7570605 736.1421066 757.7319009 792.9089274 863.8160368 894.4055608 930.5715282 940.3171112 977.2008017 1005.762006 1031.589981 1074.821462 1153.721384 1213.068601 1258.415552 1324.851785 1399.095948 1475.391443 1529.565226 1681.256582 1739.049284 1757.145528 1798.524403 1857.440113 1930.914946 2316.037194 2558.567769 2688.846750 2753.148926 2884.647044 2953.394737 3178.660051 3247.569490 3279.387986 3403.035621 3609.681826 3918.605647 4080.210581 4365.883481 4770.261876 5039.239899 5106.870919 5417.016134 5536.314751 5721.483185 5990.200155 6588.730662 6874.708246 7190.865720 8039.622498 8265.732178 8794.508025 9341.973316 9419.350329 9788.552868 10157.91995 10661.60403 10972.98775 11351.11603 12697.22749 13286.38681 13707.91818 15341.44594 16294.29116 17072.40894 18195.50950 18269.87658 18841.02178 19122.79723 19710.85132 21252.23052 21380.64916 21681.53831 23308.20568 23918.07957 26757.30112 29260.27192 29798.09396 34808.79474 36899.50600 38381.64648 38889.12215 43308.70577 43837.54377 47032.97761 55242.38308 57955.06276 71181.28581 81250.95435 100493.1448 113414.1503 117746.6017 118894.0096 257349.5553 684076.4912 19012279.48 31297439.79
