    unsorted:	 0.04117156069 0.03994463969 0.04249475868 0.03773978734 0.03672875376 0.03478711983 0.005255125652 0.01232711140 0.1482248400 9.097298448 188.3910337 185.2387375 176.8718777 180.9005482 171.7830190 217.3990308 222.5003895 148.0016098 139.4193959 238.5572894 113.5689626 119.7602364 98.63840866 261.0501183 53.51981955 34.63468371 30.02904795 20.50761589 69.51370985 282.0923719 277.9081334 301.5882068 313.6757047 334.1509892 354.2946864 439.5650132 459.5733278 477.8452003 494.3740445 508.2729121 550.0748504 619.7980810 598.6062008 638.9727062 711.5392348 718.9779054 741.3495397 771.1480871 817.1245317 807.7573806 867.4397389 904.2069631 926.7795280 955.6841474 986.4837388 1020.240374 1087.292462 1129.151099 1233.306697 1297.520470 1353.046843 1366.115056 1476.237334 1528.647151 1623.287860 1671.368690 1755.984383 1861.076582 2149.102604 2195.102835 2255.381276 2278.557833 2478.391885 2653.102325 2806.343840 2938.046725 3044.969826 3171.155626 3431.065614 3677.893157 3863.368069 4083.773992 4281.611967 4376.317380 4503.253775 4867.487288 4860.322176 4915.125920 4927.038317 5029.348600 5290.688448 5242.771363 5427.405151 5661.493947 6361.396473 6970.272255 7211.885681 7657.783902 7999.198297 8666.369686 9360.710696 9505.575486 10131.97813 10663.14839 11155.33287 11875.85919 13527.90602 14720.53965 14642.20075 15533.39444 15745.60640 16267.17284 17989.58611 18062.85358 18659.49172 19594.34948 19878.10182 20278.72021 21659.93044 22122.31143 23746.90404 25685.05161 30177.90972 29935.90464 31585.21171 32369.81021 32696.12286 36089.23700 38485.54895 40376.30952 42991.30040 50506.27423 51524.34674 73262.41306 81498.57085 87087.18604 101381.9193 109739.4138 225894.2582 744558.1101 6963145.439 30096554.74
      sorted:	 0.005255125652 0.01232711140 0.03478711983 0.03672875376 0.03773978734 0.03994463969 0.04117156069 0.04249475868 0.1482248400 9.097298448 20.50761589 30.02904795 34.63468371 53.51981955 69.51370985 98.63840866 113.5689626 119.7602364 139.4193959 148.0016098 171.7830190 176.8718777 180.9005482 185.2387375 188.3910337 217.3990308 222.5003895 238.5572894 261.0501183 277.9081334 282.0923719 301.5882068 313.6757047 334.1509892 354.2946864 439.5650132 459.5733278 477.8452003 494.3740445 508.2729121 550.0748504 598.6062008 619.7980810 638.9727062 711.5392348 718.9779054 741.3495397 771.1480871 807.7573806 817.1245317 867.4397389 904.2069631 926.7795280 955.6841474 986.4837388 1020.240374 1087.292462 1129.151099 1233.306697 1297.520470 1353.046843 1366.115056 1476.237334 1528.647151 1623.287860 1671.368690 1755.984383 1861.076582 2149.102604 2195.102835 2255.381276 2278.557833 2478.391885 2653.102325 2806.343840 2938.046725 3044.969826 3171.155626 3431.065614 3677.893157 3863.368069 4083.773992 4281.611967 4376.317380 4503.253775 4860.322176 4867.487288 4915.125920 4927.038317 5029.348600 5242.771363 5290.688448 5427.405151 5661.493947 6361.396473 6970.272255 7211.885681 7657.783902 7999.198297 8666.369686 9360.710696 9505.575486 10131.97813 10663.14839 11155.33287 11875.85919 13527.90602 14642.20075 14720.53965 15533.39444 15745.60640 16267.17284 17989.58611 18062.85358 18659.49172 19594.34948 19878.10182 20278.72021 21659.93044 22122.31143 23746.90404 25685.05161 29935.90464 30177.90972 31585.21171 32369.81021 32696.12286 36089.23700 38485.54895 40376.30952 42991.30040 50506.27423 51524.34674 73262.41306 81498.57085 87087.18604 101381.9193 109739.4138 225894.2582 744558.1101 6963145.439 30096554.74
