    unsorted:	 0.03977350702 0.04091868924 0.03758793030 0.03655476227 0.04316212360 0.04426078639 0.03436626908 0.01236918333 0.005524068601 0.1483559268 135.0419576 135.8956703 130.4818332 119.5303741 120.6607204 150.5054021 164.2466733 98.82900147 89.74665352 183.5522902 32.06075705 30.01204080 34.10137780 17.81181745 206.4505254 258.7693720 263.5069731 252.0735404 270.1704650 229.5415341 281.2112880 311.0497577 325.3025236 383.2267503 394.0925517 446.1831098 456.4659467 478.0373533 470.4461607 513.9117799 537.3187631 549.7445101 592.2403887 642.0644165 718.6038070 704.9432799 735.1275556 771.8883057 789.1597824 849.8765538 863.9739569 926.4978592 978.8125441 999.3913286 1067.458347 1130.201287 1162.808509 1246.781388 1322.897004 1336.641032 1394.467984 1476.296787 1537.355600 1596.940660 1686.828558 1833.779515 1895.777073 2134.395058 2164.556394 2275.348732 2301.151569 2638.769487 2773.853464 2927.763099 2974.199941 3106.035567 3268.500711 3429.557202 3620.111485 3768.734753 3902.085677 4289.552672 4413.973997 4682.598480 4740.544897 4793.251626 4979.751711 5097.432492 5159.544990 5348.028593 5553.314875 5635.355350 6389.113553 7155.152080 7479.574313 7555.620736 8059.903357 8485.261854 8994.554471 9632.389401 10162.85624 10361.77704 11140.36200 12193.24767 12505.57488 13284.84890 14950.21150 15118.68183 15848.16576 16399.78801 17534.90493 17747.18174 19097.09209 19446.28034 19688.68405 20323.25193 21246.82968 22544.26936 22597.55355 25021.15396 29094.87044 30490.11277 31247.70536 35407.44709 36990.62030 38736.36184 42403.88791 46990.80149 49371.84153 50823.41993 71789.35100 82794.01821 98216.76739 107219.4533 219591.9823 423520.1153 16484710.19 20646047.73 246.7401103
      sorted:	 0.005524068601 0.01236918333 0.03436626908 0.03655476227 0.03758793030 0.03977350702 0.04091868924 0.04316212360 0.04426078639 0.1483559268 17.81181745 30.01204080 32.06075705 34.10137780 89.74665352 98.82900147 119.5303741 120.6607204 130.4818332 135.0419576 135.8956703 150.5054021 164.2466733 183.5522902 206.4505254 229.5415341 246.7401103 252.0735404 258.7693720 263.5069731 270.1704650 281.2112880 311.0497577 325.3025236 383.2267503 394.0925517 446.1831098 456.4659467 470.4461607 478.0373533 513.9117799 537.3187631 549.7445101 592.2403887 642.0644165 704.9432799 718.6038070 735.1275556 771.8883057 789.1597824 849.8765538 863.9739569 926.4978592 978.8125441 999.3913286 1067.458347 1130.201287 1162.808509 1246.781388 1322.897004 1336.641032 1394.467984 1476.296787 1537.355600 1596.940660 1686.828558 1833.779515 1895.777073 2134.395058 2164.556394 2275.348732 2301.151569 2638.769487 2773.853464 2927.763099 2974.199941 3106.035567 3268.500711 3429.557202 3620.111485 3768.734753 3902.085677 4289.552672 4413.973997 4682.598480 4740.544897 4793.251626 4979.751711 5097.432492 5159.544990 5348.028593 5553.314875 5635.355350 6389.113553 7155.152080 7479.574313 7555.620736 8059.903357 8485.261854 8994.554471 9632.389401 10162.85624 10361.77704 11140.36200 12193.24767 12505.57488 13284.84890 14950.21150 15118.68183 15848.16576 16399.78801 17534.90493 17747.18174 19097.09209 19446.28034 19688.68405 20323.25193 21246.82968 22544.26936 22597.55355 25021.15396 29094.87044 30490.11277 31247.70536 35407.44709 36990.62030 38736.36184 42403.88791 46990.80149 49371.84153 50823.41993 71789.35100 82794.01821 98216.76739 107219.4533 219591.9823 423520.1153 16484710.19 20646047.73
