    unsorted:	 0.03856484711 0.03968184372 0.03965059495 0.04001659536 0.03844904336 0.04135710206 0.03351491316 0.01345928917 0.005701272721 0.1490388479 203.3004529 202.4876655 215.2650034 193.6646488 233.6046870 258.2715086 260.7937830 254.4358322 245.2585793 278.5750834 290.3904604 297.2837151 166.5265039 153.6816747 136.7707428 138.4461784 113.9530469 329.2126639 97.86958977 340.5373310 85.29698539 37.57315446 35.32959473 32.43047855 8.730460066 418.4981003 454.1686773 477.9234967 495.5084660 535.4365946 547.5800982 564.3480672 612.0963249 634.1621020 648.6303200 658.8313887 669.3333918 677.0404681 714.4241335 758.6913131 780.2066082 793.7250713 807.6592623 827.4174568 866.3154076 897.8648297 964.7936734 991.4351579 1056.051449 1146.166015 1200.325666 1252.413559 1341.778716 1374.543735 1429.372271 1466.545059 1527.967771 1623.477524 1738.925578 1791.445965 1980.692902 2103.988681 2125.942666 2303.380673 2483.418417 2625.020139 2694.526566 2928.738855 2987.404039 3150.027538 3199.436713 3388.316916 3544.894906 3748.333227 3944.336332 4060.047808 4212.134342 4653.327939 4697.986652 4889.401320 5087.055020 5161.819243 5263.366993 5304.104807 5428.215901 5555.978068 5938.160275 6740.905224 6953.574475 7144.110712 8005.839361 8796.038883 9322.487876 9871.316098 10370.63434 11251.77153 11429.80241 11785.60550 14066.59484 14263.79120 14630.49766 15414.28848 15802.07515 16589.34948 16748.67700 18135.12763 18988.49917 20084.15774 20788.65981 21081.88532 21751.60847 22781.70087 25289.43669 26529.70146 27786.37015 30911.99857 31328.96243 33401.53229 33842.05772 36502.27374 37842.28152 39423.02265 42670.50324 45302.08254 51152.64682 51959.96797 79941.17754 78030.70988 90067.65161 102613.7673 111740.7732 214099.0363 713303.5728 26378239.10 66537176.77
      sorted:	 0.005701272721 0.01345928917 0.03351491316 0.03844904336 0.03856484711 0.03965059495 0.03968184372 0.04001659536 0.04135710206 0.1490388479 8.730460066 32.43047855 35.32959473 37.57315446 85.29698539 97.86958977 113.9530469 136.7707428 138.4461784 153.6816747 166.5265039 193.6646488 202.4876655 203.3004529 215.2650034 233.6046870 245.2585793 254.4358322 258.2715086 260.7937830 278.5750834 290.3904604 297.2837151 329.2126639 340.5373310 418.4981003 454.1686773 477.9234967 495.5084660 535.4365946 547.5800982 564.3480672 612.0963249 634.1621020 648.6303200 658.8313887 669.3333918 677.0404681 714.4241335 758.6913131 780.2066082 793.7250713 807.6592623 827.4174568 866.3154076 897.8648297 964.7936734 991.4351579 1056.051449 1146.166015 1200.325666 1252.413559 1341.778716 1374.543735 1429.372271 1466.545059 1527.967771 1623.477524 1738.925578 1791.445965 1980.692902 2103.988681 2125.942666 2303.380673 2483.418417 2625.020139 2694.526566 2928.738855 2987.404039 3150.027538 3199.436713 3388.316916 3544.894906 3748.333227 3944.336332 4060.047808 4212.134342 4653.327939 4697.986652 4889.401320 5087.055020 5161.819243 5263.366993 5304.104807 5428.215901 5555.978068 5938.160275 6740.905224 6953.574475 7144.110712 8005.839361 8796.038883 9322.487876 9871.316098 10370.63434 11251.77153 11429.80241 11785.60550 14066.59484 14263.79120 14630.49766 15414.28848 15802.07515 16589.34948 16748.67700 18135.12763 18988.49917 20084.15774 20788.65981 21081.88532 21751.60847 22781.70087 25289.43669 26529.70146 27786.37015 30911.99857 31328.96243 33401.53229 33842.05772 36502.27374 37842.28152 39423.02265 42670.50324 45302.08254 51152.64682 51959.96797 78030.70988 79941.17754 90067.65161 102613.7673 111740.7732 214099.0363 713303.5728 26378239.10 66537176.77
