    unsorted:	 0.03849943480 0.03844394512 0.03964176582 0.03980730870 0.04035790785 0.04102754212 0.03521873204 0.005125407371 0.01129313339 0.1489733277 194.5833978 193.2940628 188.7724897 207.2267793 169.1146577 225.5717236 242.2774590 245.2425742 251.7682392 253.4229423 129.9048903 127.3825224 145.0751521 113.4708317 97.41754766 291.1692085 301.2470814 315.2658361 322.2643983 334.5570558 43.45521544 34.83748761 31.96646349 8.574051757 79.71748156 395.8287955 452.6502348 469.7655681 487.9341037 525.7665765 532.9622645 584.6259968 597.5699071 607.5147214 623.0782552 646.6037141 675.8949876 699.1524016 714.6917778 752.7350885 770.1203451 793.3712790 805.1503060 841.2845273 852.3156487 915.0281891 960.9487035 988.8565908 1049.581418 1158.639118 1219.470721 1253.257894 1348.045229 1422.460557 1451.639643 1537.564112 1604.623016 1736.320808 1775.069249 1979.874791 2092.574218 2174.483744 2290.764212 2596.238941 2689.010393 2905.841021 2967.376113 3117.223279 3180.943509 3255.625706 3464.429347 3698.360374 3918.378477 3958.070748 4206.138428 4603.836654 4667.331779 4885.296431 5260.417861 5305.214366 5133.218670 5370.574311 5565.578530 5635.358910 6493.963233 6794.036228 7155.697840 7845.486938 8442.173790 8977.862480 9195.602627 9745.074277 10157.22327 11390.00441 11199.77733 12926.65449 14154.20674 14692.40202 15325.56769 16243.01670 16495.10325 17589.19209 17809.69603 18543.20785 18818.81597 19654.99422 20706.70652 20898.74419 21740.03500 22338.81141 24993.54901 27595.66276 30748.05802 31704.22516 32393.50067 34484.63494 36056.72811 38350.94282 41069.19220 42578.50491 51106.16096 52010.14556 74242.94019 77818.55346 89888.42201 104044.1995 110483.3973 227988.5597 713435.3066 28988932.27 24338757.63
      sorted:	 0.005125407371 0.01129313339 0.03521873204 0.03844394512 0.03849943480 0.03964176582 0.03980730870 0.04035790785 0.04102754212 0.1489733277 8.574051757 31.96646349 34.83748761 43.45521544 79.71748156 97.41754766 113.4708317 127.3825224 129.9048903 145.0751521 169.1146577 188.7724897 193.2940628 194.5833978 207.2267793 225.5717236 242.2774590 245.2425742 251.7682392 253.4229423 291.1692085 301.2470814 315.2658361 322.2643983 334.5570558 395.8287955 452.6502348 469.7655681 487.9341037 525.7665765 532.9622645 584.6259968 597.5699071 607.5147214 623.0782552 646.6037141 675.8949876 699.1524016 714.6917778 752.7350885 770.1203451 793.3712790 805.1503060 841.2845273 852.3156487 915.0281891 960.9487035 988.8565908 1049.581418 1158.639118 1219.470721 1253.257894 1348.045229 1422.460557 1451.639643 1537.564112 1604.623016 1736.320808 1775.069249 1979.874791 2092.574218 2174.483744 2290.764212 2596.238941 2689.010393 2905.841021 2967.376113 3117.223279 3180.943509 3255.625706 3464.429347 3698.360374 3918.378477 3958.070748 4206.138428 4603.836654 4667.331779 4885.296431 5133.218670 5260.417861 5305.214366 5370.574311 5565.578530 5635.358910 6493.963233 6794.036228 7155.697840 7845.486938 8442.173790 8977.862480 9195.602627 9745.074277 10157.22327 11199.77733 11390.00441 12926.65449 14154.20674 14692.40202 15325.56769 16243.01670 16495.10325 17589.19209 17809.69603 18543.20785 18818.81597 19654.99422 20706.70652 20898.74419 21740.03500 22338.81141 24993.54901 27595.66276 30748.05802 31704.22516 32393.50067 34484.63494 36056.72811 38350.94282 41069.19220 42578.50491 51106.16096 52010.14556 74242.94019 77818.55346 89888.42201 104044.1995 110483.3973 227988.5597 713435.3066 24338757.63 28988932.27
