    unsorted:	 0.03837839698 0.03899447218 0.03927917897 0.04140369574 0.03632535981 0.04339654195 0.02479593731 0.005213038741 0.006603117682 0.1480006205 214.7405344 210.5265424 223.5039278 204.1611867 201.4986524 192.6349313 242.9389669 256.6438134 178.4708618 276.5485803 291.8898548 296.8215137 306.3511970 330.1162483 326.8043873 340.4213795 167.4839308 124.0994253 8.338310165 7.174318338 108.7367625 98.49573260 32.04942345 34.26424131 407.5574910 454.0334174 457.3841918 474.7002780 492.7151582 517.3796802 546.2243324 553.2606014 564.9796138 577.6351197 614.3104512 646.5859527 660.6483419 673.5020881 681.8163575 701.5772900 712.8457889 758.6367611 810.6749568 863.9157537 889.8089142 910.8487603 905.6286137 977.6392724 1029.401773 1096.761629 1102.597642 1188.605990 1259.267194 1358.685933 1430.635067 1461.746973 1540.106500 1623.112937 1685.846865 1728.084031 1929.335619 1939.251080 2164.882718 2245.826113 2313.088705 2432.119985 2566.156470 2727.365455 2874.745752 3009.208265 3250.843709 3292.606033 3432.114543 3505.650594 3865.969173 3986.170647 4422.390262 4849.527522 4812.368920 5046.061551 5157.245892 5409.261118 5773.144012 6159.384698 6574.896155 6675.605393 6949.535900 7154.061454 7350.221916 8148.642281 8333.769385 8926.081386 9520.941599 10136.28550 10505.83376 11383.04206 12169.94165 12797.96843 13381.66722 14753.73335 14704.20610 15532.39604 16545.00864 17706.56362 18167.82618 18380.33827 18478.85954 20632.97026 21341.24647 21690.89793 22314.09943 23753.68416 26167.39607 29228.72640 29718.35524 31878.14884 34597.78269 37031.88329 37391.55207 37747.20839 40018.36647 42887.67860 45497.99524 53244.13827 54798.65887 71931.14866 78763.31622 97900.97085 111668.7179 117675.7907 243059.3766 688865.0510 5207520.356 38335672.40
      sorted:	 0.005213038741 0.006603117682 0.02479593731 0.03632535981 0.03837839698 0.03899447218 0.03927917897 0.04140369574 0.04339654195 0.1480006205 7.174318338 8.338310165 32.04942345 34.26424131 98.49573260 108.7367625 124.0994253 167.4839308 178.4708618 192.6349313 201.4986524 204.1611867 210.5265424 214.7405344 223.5039278 242.9389669 256.6438134 276.5485803 291.8898548 296.8215137 306.3511970 326.8043873 330.1162483 340.4213795 407.5574910 454.0334174 457.3841918 474.7002780 492.7151582 517.3796802 546.2243324 553.2606014 564.9796138 577.6351197 614.3104512 646.5859527 660.6483419 673.5020881 681.8163575 701.5772900 712.8457889 758.6367611 810.6749568 863.9157537 889.8089142 905.6286137 910.8487603 977.6392724 1029.401773 1096.761629 1102.597642 1188.605990 1259.267194 1358.685933 1430.635067 1461.746973 1540.106500 1623.112937 1685.846865 1728.084031 1929.335619 1939.251080 2164.882718 2245.826113 2313.088705 2432.119985 2566.156470 2727.365455 2874.745752 3009.208265 3250.843709 3292.606033 3432.114543 3505.650594 3865.969173 3986.170647 4422.390262 4812.368920 4849.527522 5046.061551 5157.245892 5409.261118 5773.144012 6159.384698 6574.896155 6675.605393 6949.535900 7154.061454 7350.221916 8148.642281 8333.769385 8926.081386 9520.941599 10136.28550 10505.83376 11383.04206 12169.94165 12797.96843 13381.66722 14704.20610 14753.73335 15532.39604 16545.00864 17706.56362 18167.82618 18380.33827 18478.85954 20632.97026 21341.24647 21690.89793 22314.09943 23753.68416 26167.39607 29228.72640 29718.35524 31878.14884 34597.78269 37031.88329 37391.55207 37747.20839 40018.36647 42887.67860 45497.99524 53244.13827 54798.65887 71931.14866 78763.31622 97900.97085 111668.7179 117675.7907 243059.3766 688865.0510 5207520.356 38335672.40
