    unsorted:	 0.03582468120 0.03567496909 0.04090777826 0.03997677712 0.04356985368 0.03267243623 0.01203891839 0.005605705140 0.1489675051 249.9414987 254.5412046 257.7593721 246.7401103 241.5877762 230.5138639 215.6361214 272.9017791 200.9504436 172.4848486 152.3922519 144.2693781 116.2716474 112.0440819 98.19362525 94.73757199 90.45334993 80.81070783 72.26007378 49.57812479 39.71560288 33.64376589 29.86826403 17.55719236 306.4553126 321.0104898 387.8669515 389.8069887 452.0469403 461.1191435 465.7359671 473.2739686 509.7296608 522.5073155 577.8634300 590.1363115 681.1815192 718.0624740 739.4775368 758.5986903 833.3134701 857.7647658 900.2099101 947.8806305 980.3791650 1044.182319 1133.705950 1142.546123 1192.167884 1266.766944 1280.655807 1345.598719 1424.904097 1500.718177 1587.218832 1653.683980 1676.824166 1820.555214 1860.883665 2114.991628 2141.710013 2205.178890 2247.835314 2583.080812 2657.781979 2730.349929 2794.243535 2966.470129 3112.546260 3358.864976 3677.012535 3826.464103 4149.641357 4329.902706 4401.666109 4598.790955 4720.259953 4885.420678 5044.973213 5258.248611 5411.545617 5459.081140 5580.155117 6004.057421 6617.449595 7218.741888 7474.119273 7968.268354 8086.211363 8527.075867 9382.616054 9752.834636 9992.842253 10886.84216 11181.90497 11660.81624 13327.75634 14447.40869 14603.38931 14987.93056 15902.84683 16907.03796 17158.25600 19029.60044 19367.14875 19969.00483 21053.36372 21610.29368 22978.98655 23632.73429 24366.64817 27394.69827 29051.76507 30099.22231 34818.50653 35658.94392 38262.15487 41777.40173 49093.98074 49632.89278 69105.97155 81909.92055 99607.14232 106024.8795 197787.0300 215820.6038 7106732.693 14875696.74 246.7401103
      sorted:	 0.005605705140 0.01203891839 0.03267243623 0.03567496909 0.03582468120 0.03997677712 0.04090777826 0.04356985368 0.1489675051 17.55719236 29.86826403 33.64376589 39.71560288 49.57812479 72.26007378 80.81070783 90.45334993 94.73757199 98.19362525 112.0440819 116.2716474 144.2693781 152.3922519 172.4848486 200.9504436 215.6361214 230.5138639 241.5877762 246.7401103 246.7401103 249.9414987 254.5412046 257.7593721 272.9017791 306.4553126 321.0104898 387.8669515 389.8069887 452.0469403 461.1191435 465.7359671 473.2739686 509.7296608 522.5073155 577.8634300 590.1363115 681.1815192 718.0624740 739.4775368 758.5986903 833.3134701 857.7647658 900.2099101 947.8806305 980.3791650 1044.182319 1133.705950 1142.546123 1192.167884 1266.766944 1280.655807 1345.598719 1424.904097 1500.718177 1587.218832 1653.683980 1676.824166 1820.555214 1860.883665 2114.991628 2141.710013 2205.178890 2247.835314 2583.080812 2657.781979 2730.349929 2794.243535 2966.470129 3112.546260 3358.864976 3677.012535 3826.464103 4149.641357 4329.902706 4401.666109 4598.790955 4720.259953 4885.420678 5044.973213 5258.248611 5411.545617 5459.081140 5580.155117 6004.057421 6617.449595 7218.741888 7474.119273 7968.268354 8086.211363 8527.075867 9382.616054 9752.834636 9992.842253 10886.84216 11181.90497 11660.81624 13327.75634 14447.40869 14603.38931 14987.93056 15902.84683 16907.03796 17158.25600 19029.60044 19367.14875 19969.00483 21053.36372 21610.29368 22978.98655 23632.73429 24366.64817 27394.69827 29051.76507 30099.22231 34818.50653 35658.94392 38262.15487 41777.40173 49093.98074 49632.89278 69105.97155 81909.92055 99607.14232 106024.8795 197787.0300 215820.6038 7106732.693 14875696.74
