    unsorted:	 0.03905396176 0.03940574097 0.03806147053 0.04155456510 0.04385401208 0.004292807960 0.005691747936 0.1466169022 2.195701672 16.64017118 31.93307791 34.75355660 44.65950696 189.0217506 190.7512910 195.8608883 234.6171731 225.9134642 241.9510864 264.2490876 288.5733895 294.3192016 151.5506310 134.0525474 127.2088683 108.5825044 98.44978056 322.3717966 370.8317919 376.9007561 389.0344059 394.0374087 394.8135095 413.9677759 446.6519526 452.7656211 462.2420108 479.0134010 502.5665912 514.6551937 573.6155197 596.6589218 636.4470214 639.0207316 713.7988994 715.6265062 679.9532754 735.8720621 755.5127790 790.4167467 868.1930278 897.7654848 942.8055738 939.6353406 973.5030210 1000.650598 1034.432417 1073.358460 1153.181868 1179.332258 1262.569080 1289.143170 1324.526228 1399.736947 1480.510610 1514.565397 1628.250502 1678.072895 1743.661559 1824.271248 1832.352378 1860.880665 1994.858109 2319.736043 2572.954147 2708.520547 2769.466559 2877.028673 2982.278101 3152.710242 3262.794117 3344.914379 3452.252117 3646.301400 3950.219307 4005.787198 4377.910276 4936.149121 5046.576376 5108.517455 5337.175913 5473.744583 5729.900672 6084.306774 6480.521637 6877.878708 7068.645288 7203.986794 8304.617241 8462.190307 9436.180862 9511.715714 9596.614933 9956.181318 10737.78151 11033.47410 11404.92118 12908.72403 13062.34450 14580.77165 15304.34005 15830.21839 16215.66528 17212.06179 18180.67745 18459.04179 19081.74355 19475.46770 21297.12246 21671.98350 21944.49299 23463.97462 24515.56188 26853.06213 28954.29132 29757.42463 30189.16878 34260.17976 36241.01690 38573.77145 39304.12127 41619.17946 43598.69707 45613.32127 48953.13390 56408.29180 58070.43551 71967.45618 83868.57222 102034.2573 115919.4317 121428.7059 255824.5638 689360.3806 25232333.74 52066264.23
      sorted:	 0.004292807960 0.005691747936 0.03806147053 0.03905396176 0.03940574097 0.04155456510 0.04385401208 0.1466169022 2.195701672 16.64017118 31.93307791 34.75355660 44.65950696 98.44978056 108.5825044 127.2088683 134.0525474 151.5506310 189.0217506 190.7512910 195.8608883 225.9134642 234.6171731 241.9510864 264.2490876 288.5733895 294.3192016 322.3717966 370.8317919 376.9007561 389.0344059 394.0374087 394.8135095 413.9677759 446.6519526 452.7656211 462.2420108 479.0134010 502.5665912 514.6551937 573.6155197 596.6589218 636.4470214 639.0207316 679.9532754 713.7988994 715.6265062 735.8720621 755.5127790 790.4167467 868.1930278 897.7654848 939.6353406 942.8055738 973.5030210 1000.650598 1034.432417 1073.358460 1153.181868 1179.332258 1262.569080 1289.143170 1324.526228 1399.736947 1480.510610 1514.565397 1628.250502 1678.072895 1743.661559 1824.271248 1832.352378 1860.880665 1994.858109 2319.736043 2572.954147 2708.520547 2769.466559 2877.028673 2982.278101 3152.710242 3262.794117 3344.914379 3452.252117 3646.301400 3950.219307 4005.787198 4377.910276 4936.149121 5046.576376 5108.517455 5337.175913 5473.744583 5729.900672 6084.306774 6480.521637 6877.878708 7068.645288 7203.986794 8304.617241 8462.190307 9436.180862 9511.715714 9596.614933 9956.181318 10737.78151 11033.47410 11404.92118 12908.72403 13062.34450 14580.77165 15304.34005 15830.21839 16215.66528 17212.06179 18180.67745 18459.04179 19081.74355 19475.46770 21297.12246 21671.98350 21944.49299 23463.97462 24515.56188 26853.06213 28954.29132 29757.42463 30189.16878 34260.17976 36241.01690 38573.77145 39304.12127 41619.17946 43598.69707 45613.32127 48953.13390 56408.29180 58070.43551 71967.45618 83868.57222 102034.2573 115919.4317 121428.7059 255824.5638 689360.3806 25232333.74 52066264.23
