    unsorted:	 0.004939644209 0.004967151876 0.005395649398 0.005844317428 0.01309403644 0.04303736196 0.04315715878 0.04076777366 0.03051677883 0.03259307552 0.06881776512 0.1266879791 0.2429030177 2.904277050 7.602364547 66.58971986 65.39284643 67.57578758 62.63754066 60.75864500 69.53296929 70.51306747 56.90727208 56.05148402 51.64877465 76.62069605 81.68240532 42.56648301 39.06858520 34.86349173 85.21574548 26.31565659 90.50535152 97.46126004 108.4471231 114.9886610 130.1427981 155.2300406 183.7668666 193.6719122 226.3366722 263.1782245 313.6168285 280.9124909 287.2590354 308.6187108 316.3200394 331.1107710 369.7693601 388.6064180 407.3742432 414.3195679 425.2512874 474.3436405 479.8513196 499.3768589 509.4912962 518.1446292 544.6532000 557.9525007 576.6617243 603.3089756 600.1023787 647.9648522 662.9257236 709.4130372 792.5679609 902.7411031 887.2862855 942.2762161 982.4810893 1029.590369 1182.548885 1169.204983 1192.325176 1229.575380 1269.934255 1422.106360 1543.264779 1742.087388 1833.429230 1961.063684 2132.032097 2047.685989 2214.698802 2303.325086 2475.876803 2713.432936 3268.308550 3133.399097 3446.229937 3392.581560 3643.356830 3775.313734 4146.848307 4170.142549 4105.482039 4433.548620 4800.717373 4719.112021 5073.526782 5166.131291 5427.273511 5578.507419 5621.784596 5984.290508 6296.930924 6374.347924 6912.842549 7947.086837 8217.945169 8663.352583 8951.791812 10836.98633 11878.38039 11995.00145 12535.42287 13191.12427 13478.61258 13931.01053 15737.98836 16833.82163 18509.06569 20452.44364 22790.81140 23900.63486 24644.63028 25749.17554 28314.11322 30350.45704 39048.78620 41908.17505 48078.52216 54065.17522 62008.52800 63537.17285 73608.73059 80969.15888 91988.31181 106192.3813 269093.6319 506964.9155 1063205.371 5594331.772
      sorted:	 0.004939644209 0.004967151876 0.005395649398 0.005844317428 0.01309403644 0.03051677883 0.03259307552 0.04076777366 0.04303736196 0.04315715878 0.06881776512 0.1266879791 0.2429030177 2.904277050 7.602364547 26.31565659 34.86349173 39.06858520 42.56648301 51.64877465 56.05148402 56.90727208 60.75864500 62.63754066 65.39284643 66.58971986 67.57578758 69.53296929 70.51306747 76.62069605 81.68240532 85.21574548 90.50535152 97.46126004 108.4471231 114.9886610 130.1427981 155.2300406 183.7668666 193.6719122 226.3366722 263.1782245 280.9124909 287.2590354 308.6187108 313.6168285 316.3200394 331.1107710 369.7693601 388.6064180 407.3742432 414.3195679 425.2512874 474.3436405 479.8513196 499.3768589 509.4912962 518.1446292 544.6532000 557.9525007 576.6617243 600.1023787 603.3089756 647.9648522 662.9257236 709.4130372 792.5679609 887.2862855 902.7411031 942.2762161 982.4810893 1029.590369 1169.204983 1182.548885 1192.325176 1229.575380 1269.934255 1422.106360 1543.264779 1742.087388 1833.429230 1961.063684 2047.685989 2132.032097 2214.698802 2303.325086 2475.876803 2713.432936 3133.399097 3268.308550 3392.581560 3446.229937 3643.356830 3775.313734 4105.482039 4146.848307 4170.142549 4433.548620 4719.112021 4800.717373 5073.526782 5166.131291 5427.273511 5578.507419 5621.784596 5984.290508 6296.930924 6374.347924 6912.842549 7947.086837 8217.945169 8663.352583 8951.791812 10836.98633 11878.38039 11995.00145 12535.42287 13191.12427 13478.61258 13931.01053 15737.98836 16833.82163 18509.06569 20452.44364 22790.81140 23900.63486 24644.63028 25749.17554 28314.11322 30350.45704 39048.78620 41908.17505 48078.52216 54065.17522 62008.52800 63537.17285 73608.73059 80969.15888 91988.31181 106192.3813 269093.6319 506964.9155 1063205.371 5594331.772
