    unsorted:	 0.02460376471 0.005259418034 0.006620399490 0.01219243790 0.03277273180 0.03481865932 0.05117320404 -0.02151071639 -0.05038556843 181.3299923 161.1130493 164.1135901 164.8229565 142.2070919 224.5589418 236.4103135 108.0025457 37.88548731 35.52510253 29.16222346 263.8220939 290.2060393 320.4772394 378.5536231 404.0230867 477.0212734 452.2558552 462.5618323 491.2702420 511.0634903 514.6324310 548.0852557 557.3620877 585.1971229 611.5415245 620.9977426 627.5201608 654.9482310 -29.45506569 698.2083532 738.8726131 759.2187570 768.4349406 -93.07803250 824.4018569 885.0471794 -165.0026895 1031.358966 1061.505578 1177.284609 1283.892025 1363.221528 1668.248135 1713.689436 1781.879405 -734.3630930 -786.4249670 1992.315793 1940.720691 -996.4972613 -1161.479009 2371.958556 2552.633088 2623.372986 2697.158725 3024.108427 3217.504823 3172.460047 -1625.509560 3764.671059 3744.848803 3868.336972 4058.021030 4134.805795 4260.509972 4397.989028 4534.963594 4614.245112 4670.553231 -2278.207105 4876.762286 -2740.143458 -2810.178319 5457.005998 6094.946287 6453.193039 -3768.612528 6900.436911 7234.869107 -4186.614371 7723.939883 -4954.731690 8408.438003 8630.969180 9188.156208 -6137.022096 9781.519773 -6930.499889 11011.68806 11547.19702 -7631.813974 13526.15558 14455.02037 14762.69469 15186.16731 15459.01811 15704.32295 17059.73229 17623.70589 18356.56086 18727.05437 19662.47455 20288.83752 20711.57995 22162.73461 23689.82047 25720.41568 29834.61127 31178.97632 32593.85826 36955.35456 38948.26859 43478.76643 46205.61281 50067.77064 51114.62373 77689.84599 81867.37898 85862.29667 97305.03526 106021.5513 196637.7689 -463257.9939 741793.0839 5488480.211 25084119.12
      sorted:	 -463257.9939 -7631.813974 -6930.499889 -6137.022096 -4954.731690 -4186.614371 -3768.612528 -2810.178319 -2740.143458 -2278.207105 -1625.509560 -1161.479009 -996.4972613 -786.4249670 -734.3630930 -165.0026895 -93.07803250 -29.45506569 -0.05038556843 -0.02151071639 0.005259418034 0.006620399490 0.01219243790 0.02460376471 0.03277273180 0.03481865932 0.05117320404 29.16222346 35.52510253 37.88548731 108.0025457 142.2070919 161.1130493 164.1135901 164.8229565 181.3299923 224.5589418 236.4103135 263.8220939 290.2060393 320.4772394 378.5536231 404.0230867 452.2558552 462.5618323 477.0212734 491.2702420 511.0634903 514.6324310 548.0852557 557.3620877 585.1971229 611.5415245 620.9977426 627.5201608 654.9482310 698.2083532 738.8726131 759.2187570 768.4349406 824.4018569 885.0471794 1031.358966 1061.505578 1177.284609 1283.892025 1363.221528 1668.248135 1713.689436 1781.879405 1940.720691 1992.315793 2371.958556 2552.633088 2623.372986 2697.158725 3024.108427 3172.460047 3217.504823 3744.848803 3764.671059 3868.336972 4058.021030 4134.805795 4260.509972 4397.989028 4534.963594 4614.245112 4670.553231 4876.762286 5457.005998 6094.946287 6453.193039 6900.436911 7234.869107 7723.939883 8408.438003 8630.969180 9188.156208 9781.519773 11011.68806 11547.19702 13526.15558 14455.02037 14762.69469 15186.16731 15459.01811 15704.32295 17059.73229 17623.70589 18356.56086 18727.05437 19662.47455 20288.83752 20711.57995 22162.73461 23689.82047 25720.41568 29834.61127 31178.97632 32593.85826 36955.35456 38948.26859 43478.76643 46205.61281 50067.77064 51114.62373 77689.84599 81867.37898 85862.29667 97305.03526 106021.5513 196637.7689 741793.0839 5488480.211 25084119.12
